-1543468800 55.78 25.56 50.00 6.83 2.81 7.21  4
59103 70.00 3.01 24.92 7.83 7.00 3.76  1333
-946002378 56.05 60.00 45.05 3.67 9.42 2.60  191
32763 23.54 15.72 48.37 6.24 7.48 7.30  648
7275040 55.75 60.00 3.08 2.08 5.33 6.84  687
0 70.00 18.74 50.00 1.33 7.55 4.74  1427
0 40.66 23.73 24.23 5.85 8.71 3.86  847
0 18.61 52.84 3.36 5.50 9.44 5.48  404
-945510656 29.66 10.59 1.74 5.34 2.23 5.97  1093
32763 24.08 3.62 35.72 5.04 1.55 2.09  1021
56 65.47 3.72 38.80 1.49 1.41 8.64  594
0 50.71 34.07 6.03 6.85 4.95 0.14  1830
7275072 70.00 30.18 38.08 8.02 3.30 8.12  430
0 70.00 49.00 46.79 4.57 8.67 2.33  987
0 65.83 54.94 25.68 9.52 0.36 4.93  1064
0 70.00 58.15 34.97 2.11 6.32 6.02  712
0 46.59 36.99 5.11 6.03 5.48 3.33  986
0 69.26 60.00 26.09 2.34 9.22 6.99  1322
-946002489 51.99 14.04 22.33 2.99 8.41 2.79  425
32763 70.00 47.97 17.96 9.98 5.68 7.18  451
7275104 66.50 0.94 41.33 0.79 8.74 4.15  1555
0 70.00 18.88 35.92 8.23 5.80 6.43  321
0 70.00 22.06 48.23 1.34 0.74 1.45  2023
0 70.00 48.78 10.21 3.71 5.49 4.26  1365
0 15.30 60.00 48.08 1.23 8.67 1.72  1822
0 11.67 20.46 4.62 0.28 5.09 3.20  1316
0 61.49 26.28 0.44 4.09 2.31 0.45  916
0 22.60 9.92 49.56 6.25 7.20 7.29  3
7275136 70.00 1.50 4.17 9.17 9.12 1.44  1128
0 70.00 34.38 31.97 6.20 7.05 3.28  97
0 70.00 47.29 50.00 0.84 6.60 7.38  1731
0 70.00 24.68 50.00 5.90 7.74 4.97  598
0 70.00 40.12 25.58 5.17 3.44 3.19  675
0 4.47 36.06 16.27 1.70 3.59 8.67  461
0 20.24 15.75 8.57 7.32 6.38 9.11  1359
0 70.00 11.30 41.11 1.28 8.47 6.41  1605
7275168 17.08 15.86 48.17 7.07 7.64 5.49  1735
0 70.00 34.70 34.11 6.61 4.07 9.74  759
0 31.37 50.28 50.00 1.93 2.67 8.90  804
0 70.00 35.30 2.59 8.83 6.49 6.26  1221
0 8.28 53.17 2.07 8.33 3.97 8.49  922
0 65.75 60.00 50.00 4.66 9.69 0.89  1696
-945839202 70.00 56.22 3.85 2.75 2.57 6.44  113
32763 38.52 30.75 30.39 1.34 2.62 9.16  547
7275200 70.00 18.37 50.00 8.52 8.37 5.45  1076
0 38.70 59.64 48.02 7.88 3.92 7.77  1747
0 70.00 42.53 50.00 9.48 2.14 3.14  1452
0 3.51 45.37 19.06 1.04 6.21 4.38  1772
0 69.60 12.89 50.00 2.99 0.19 7.30  627
0 57.79 60.00 2.21 1.63 1.39 9.60  253
-606414376 70.00 36.66 3.57 0.12 5.08 9.67  741
-539042340 23.63 60.00 12.74 5.42 0.99 6.79  888
7275232 17.31 49.78 26.51 3.93 7.61 0.04  1616
0 70.00 0.40 22.75 1.03 2.10 5.16  1908
0 29.84 17.87 22.95 7.07 3.30 8.16  1241
0 39.85 35.66 50.00 9.61 2.05 4.78  1542
0 55.83 29.37 9.42 0.13 7.29 9.76  1847
0 29.50 27.09 50.00 4.93 3.43 5.56  2004
-945534416 31.18 26.09 50.00 2.23 0.17 6.10  1401
32763 70.00 60.00 18.64 3.39 8.38 1.40  31
7275264 63.97 39.62 25.97 7.48 1.51 4.68  1103
0 70.00 36.13 5.32 8.22 6.93 2.57  125
0 70.00 40.31 24.45 6.00 2.50 4.12  1262
0 70.00 37.85 18.79 6.50 0.75 9.41  1376
4872192 70.00 60.00 11.22 7.46 1.47 9.27  1904
0 20.42 40.37 50.00 8.41 2.22 5.72  730
4615848 54.92 9.10 10.04 9.59 2.17 4.99  901
0 70.00 36.72 48.76 0.57 9.63 6.32  1370
7275296 70.00 51.34 15.02 5.86 9.95 9.86  1543
0 13.68 27.66 32.53 7.56 5.11 6.72  1132
0 29.95 2.93 44.71 5.60 3.29 5.77  1355
0 47.32 28.62 0.30 1.18 2.77 0.27  1580
-945534464 70.00 29.54 39.68 8.77 1.94 6.51  296
32763 27.33 60.00 8.35 5.33 2.09 4.58  680
62 34.75 44.11 23.95 6.34 5.85 0.63  156
0 49.83 52.83 46.55 8.43 7.30 2.78  1513
7275328 41.57 48.31 50.00 8.24 6.62 0.85  238
0 70.00 48.01 0.48 4.19 8.56 9.91  481
0 37.49 35.15 16.40 4.72 1.88 6.15  925
0 11.34 58.47 50.00 9.49 5.71 9.22  618
0 70.00 29.46 18.62 4.54 9.11 4.66  616
0 33.71 60.00 32.53 2.63 2.72 1.80  1522
-945838849 70.00 17.61 26.14 7.36 4.92 6.67  682
32763 43.35 60.00 28.38 1.58 0.80 2.92  312
7275360 69.76 7.47 20.60 7.48 5.43 8.56  1570
0 70.00 20.43 50.00 7.53 2.54 5.74  693
0 0.31 54.96 50.00 4.52 8.83 1.55  996
0 7.52 14.24 22.61 8.76 8.94 4.03  407
-945534464 26.86 45.20 50.00 3.74 9.15 5.99  854
32763 1.43 0.35 26.71 1.28 7.87 6.05  1426
4315309 28.25 46.66 35.06 6.71 6.86 1.74  710
0 66.85 19.46 11.01 1.04 6.58 8.86  2028
12784624 14.37 4.73 24.47 2.57 3.10 1.68  1599
1000 5.91 42.17 38.82 4.90 4.92 1.14  1118
4612 23.25 44.62 43.54 2.49 6.93 7.74  1598
0 47.72 60.00 46.99 9.18 9.51 0.71  1932
64 67.91 60.00 46.59 6.93 4.68 9.62  1631
0 25.46 59.37 22.07 2.98 5.32 5.18  647
7275 29.93 26.51 37.94 7.26 3.98 6.21  958
0 2.32 60.00 36.78 3.70 9.70 8.22  1098
4200658 68.55 46.77 10.89 2.36 8.05 0.09  611
0 39.53 41.35 47.98 1.27 6.85 4.57  148
4872320 9.94 60.00 49.94 7.72 5.44 7.38  93
0 1.76 4.45 49.40 1.41 9.30 2.02  614
7275568 31.66 47.50 21.37 0.62 1.80 0.49  1245
0 50.00 47.36 32.48 3.11 8.13 2.54  1343
4202077 44.34 51.84 1.79 1.59 0.70 0.37  1230
0 45.94 18.22 50.00 8.08 6.58 5.75  636
7275472 46.65 24.93 0.80 0.52 5.48 9.54  1915
0 65.62 44.34 50.00 5.35 4.49 0.53  542
1450 66.41 60.00 50.00 7.43 0.48 8.80  1923
1730 24.52 60.00 5.11 0.46 3.41 2.30  143
973 40.05 28.33 19.00 2.83 3.31 9.72  1552
165 48.18 56.16 2.70 9.92 7.03 9.60  1314
871 23.73 58.38 11.96 4.11 7.13 3.69  1323
934 14.03 14.03 27.51 6.33 9.04 1.28  485
43 70.00 16.73 26.76 1.74 8.77 7.49  1765
630 30.36 1.72 50.00 1.87 2.21 0.33  608
293 15.31 57.77 13.24 4.73 1.71 5.92  1159
249 43.48 13.71 50.00 5.79 9.81 8.55  346
1049 28.19 15.32 43.75 9.90 8.20 6.05  1997
1080 63.95 60.00 34.12 9.90 4.18 4.84  1812
1901 0.01 37.42 50.00 4.53 8.86 5.45  1956
1762 14.44 60.00 50.00 2.44 9.55 3.90  555
1516 54.15 33.09 18.29 9.21 7.10 0.30  577
659 7.67 60.00 4.77 0.15 6.85 9.03  58
1361 24.91 11.12 36.59 7.67 5.30 9.46  1072
1271 10.46 30.41 22.84 7.70 0.24 7.68  1866
1151 63.42 30.47 47.39 4.65 7.41 8.68  531
1068 15.96 7.33 47.87 9.51 8.13 8.85  1083
329 68.72 60.00 7.64 2.42 3.03 6.57  1721
1197 70.00 36.67 25.03 6.79 7.78 2.37  1925
215 70.00 38.02 50.00 3.29 9.29 1.62  1766
437 34.44 27.90 0.09 8.92 3.32 8.71  1965
494 48.24 60.00 38.67 9.48 3.05 9.41  2026
1061 15.53 49.53 47.12 9.91 2.37 0.09  1164
1742 70.00 38.70 35.86 5.64 5.80 1.25  315
249 65.14 60.00 25.63 3.10 9.99 5.71  1503
1501 70.00 44.09 7.00 3.18 0.61 2.66  928
902 53.94 60.00 50.00 6.82 8.37 1.82  955
1528 70.00 15.22 26.12 1.53 3.93 2.03  1110
1821 8.39 60.00 49.07 7.31 1.44 7.97  1630
1532 70.00 60.00 36.13 0.12 7.87 8.75  1052
811 62.69 15.97 14.42 8.48 3.18 9.50  1837
24 0.75 0.46 3.38 7.81 0.41 7.12  1166
591 42.76 20.55 47.80 7.10 0.96 0.59  328
353 70.00 60.00 49.87 5.14 4.98 8.41  266
1261 66.89 60.00 27.19 4.07 9.94 6.68  1246
1617 53.62 6.57 20.00 9.85 5.76 9.94  976
1838 49.31 0.94 50.00 2.24 4.06 7.65  129
1571 2.98 18.89 17.52 9.05 5.43 8.37  735
1718 8.44 28.03 47.23 6.87 3.62 8.96  8
603 37.49 46.34 50.00 4.28 4.96 5.91  1141
544 43.52 60.00 9.15 0.42 0.96 3.64  104
1608 47.24 53.44 33.34 8.01 6.71 3.15  1535
177 37.17 19.78 50.00 7.41 5.35 9.84  1878
1283 42.37 47.27 50.00 4.97 8.27 3.74  906
234 21.17 60.00 50.00 1.93 6.34 2.85  1859
1053 3.69 33.96 3.11 9.22 2.10 3.36  1819
1349 63.98 34.12 34.41 7.36 4.48 3.19  513
1830 14.04 22.38 50.00 9.47 0.55 1.26  1195
1191 70.00 45.10 32.10 1.14 8.67 0.08  1215
1323 47.40 29.74 1.41 2.46 4.63 7.66  331
1328 63.34 59.61 27.74 2.55 3.26 8.10  1723
1654 16.02 60.00 17.84 8.18 2.58 5.22  1407
133 18.66 60.00 27.94 5.70 6.35 1.15  2006
1818 24.46 14.79 50.00 2.39 9.13 0.38  1297
1515 57.36 60.00 35.13 8.63 3.61 7.13  1777
833 70.00 59.28 50.00 3.38 2.71 9.89  214
1390 70.00 60.00 17.37 9.47 2.67 6.59  956
1453 70.00 16.07 36.03 1.08 3.16 2.30  1645
1191 66.47 60.00 33.39 7.74 0.90 3.85  949
127 1.16 22.76 44.45 0.27 2.53 4.17  670
1766 14.50 24.39 28.53 0.03 6.95 7.10  285
1324 70.00 2.98 37.62 5.64 3.08 6.45  1217
1054 60.94 24.65 0.11 9.64 4.23 0.70  554
858 51.00 60.00 40.32 7.26 4.60 1.78  1930
348 49.81 12.80 12.21 6.87 3.96 3.92  1835
103 70.00 51.25 35.53 0.50 5.80 6.34  394
1909 70.00 43.35 38.83 5.79 8.05 2.97  205
905 70.00 60.00 7.22 7.73 6.10 4.32  839
1586 70.00 58.27 6.33 0.89 8.82 2.97  983
1451 70.00 60.00 28.49 9.13 2.50 8.83  2027
120 70.00 15.94 10.48 9.75 4.64 9.93  725
420 10.50 60.00 1.31 0.36 6.50 1.81  1858
1463 57.84 23.85 16.08 1.55 9.62 5.75  1709
462 23.32 30.08 40.73 4.79 4.99 8.52  1895
868 10.26 56.44 27.29 2.33 2.35 9.05  447
1215 66.68 56.70 45.78 0.24 2.96 0.49  1410
852 9.49 60.00 20.15 2.25 4.82 5.78  121
1187 70.00 49.91 19.52 5.12 0.85 6.31  625
1669 0.91 0.30 14.12 5.07 9.09 4.20  1454
1162 32.88 60.00 37.61 8.07 1.60 2.45  1979
1071 70.00 54.07 3.88 0.10 7.81 3.82  1905
1562 70.00 40.05 28.37 0.10 8.15 8.89  443
2032 70.00 58.87 50.00 0.25 5.84 3.80  1889
306 3.14 59.89 42.73 9.37 8.40 6.95  0
1153 53.13 21.67 9.88 0.92 5.59 0.44  1065
1845 21.75 8.49 28.50 8.26 5.71 1.62  504
1926 11.48 60.00 19.45 1.11 9.94 9.84  509
1612 61.43 60.00 47.39 1.23 7.92 7.83  587
996 51.97 51.77 46.66 5.43 3.98 9.27  702
1585 19.97 60.00 12.22 0.60 9.97 1.91  992
1938 41.71 60.00 36.18 0.50 2.68 3.72  849
510 25.71 60.00 4.09 8.51 3.40 7.10  623
1224 17.29 60.00 26.00 7.59 6.36 9.37  1928
260 14.50 15.43 21.01 7.12 4.17 5.18  718
572 70.00 37.39 26.80 1.62 1.06 9.89  629
1455 42.43 60.00 20.22 6.76 6.63 8.97  309
1904 70.00 37.60 49.75 0.96 8.29 0.31  1668
1420 70.00 58.36 31.53 5.56 0.99 0.80  161
1543 70.00 25.47 8.19 9.05 8.23 3.06  902
378 49.19 3.40 27.20 4.14 1.03 4.36  146
1170 70.00 47.16 16.42 4.14 5.04 8.15  1299
665 25.39 51.69 22.71 6.94 4.51 0.01  540
1967 48.23 51.25 50.00 3.72 2.46 0.20  1547
1955 70.00 60.00 38.77 9.41 6.47 0.35  11
2032 14.81 47.81 8.55 1.05 4.36 6.02  2017
288 35.29 8.32 27.03 7.81 2.38 3.09  1817
916 70.00 60.00 44.12 0.12 9.26 2.96  134
344 42.52 7.44 36.05 8.23 9.06 4.34  311
1837 70.00 2.06 11.07 7.19 1.57 7.54  1321
208 70.00 60.00 50.00 3.66 4.18 7.99  2014
1272 30.33 40.93 38.79 9.25 6.22 1.70  1665
489 10.71 13.93 47.86 4.94 4.56 7.66  1888
1288 23.43 11.90 1.71 7.66 9.23 6.54  220
1864 70.00 48.20 24.51 3.37 7.00 7.48  1033
1365 45.60 26.97 45.28 5.71 5.54 6.91  615
465 3.33 60.00 4.21 2.01 8.79 8.19  858
1367 39.07 1.26 43.74 7.91 8.51 1.72  979
1339 26.20 60.00 42.69 9.22 3.94 7.27  1852
517 70.00 37.29 30.48 2.42 3.61 8.99  512
1723 70.00 58.42 50.00 4.39 3.33 6.81  247
494 39.86 15.33 41.81 3.29 4.54 9.37  1157
170 28.36 32.71 25.81 2.32 6.74 1.91  187
638 3.63 8.40 42.36 1.32 2.58 2.42  1411
461 45.21 12.31 5.25 0.87 0.22 7.28  498
1216 70.00 60.00 50.00 8.08 2.84 2.82  343
1935 70.00 35.09 28.00 8.02 8.28 1.05  1222
1380 56.98 35.84 3.47 3.64 3.49 5.10  831
376 5.17 29.97 15.37 9.70 3.80 4.25  2011
1904 70.00 45.59 23.57 0.19 9.03 2.01  1984
545 35.50 9.84 27.29 0.99 6.00 2.92  185
1706 10.73 1.73 50.00 7.94 5.65 8.94  619
10 70.00 2.27 30.59 0.63 3.40 9.11  1983
1176 70.00 50.10 50.00 2.36 9.09 1.58  1664
6 32.30 60.00 50.00 4.77 2.12 7.48  1691
1291 22.99 22.24 19.98 9.66 1.99 2.57  1726
1095 62.05 56.21 21.71 0.54 5.07 8.42  1676
768 13.34 48.28 9.56 5.74 2.22 0.87  981
1954 42.99 59.71 45.92 5.34 1.58 6.21  1856
282 37.93 21.38 50.00 0.29 5.06 2.07  1841
1347 13.70 7.55 50.00 4.95 6.03 4.43  120
1810 66.70 30.78 50.00 6.90 3.65 4.43  317
716 15.82 60.00 50.00 3.47 3.75 0.89  1349
1054 70.00 7.28 29.56 9.92 3.36 0.77  207
1730 16.77 60.00 5.21 2.38 0.04 2.60  927
695 32.02 60.00 13.42 4.15 9.39 6.31  1738
41 70.00 30.03 32.72 5.59 8.68 8.48  409
264 70.00 33.89 0.42 1.33 2.69 3.94  722
1883 4.83 37.53 48.89 4.07 7.35 5.65  1269
2033 18.64 48.75 26.63 4.10 0.36 6.67  1169
1126 27.00 28.69 6.57 7.70 3.99 4.27  1693
1466 70.00 60.00 2.97 9.21 2.17 9.42  1851
1438 1.37 20.07 41.31 5.85 7.43 8.89  746
1633 52.61 21.15 0.52 4.41 7.79 4.08  1303
669 70.00 60.00 33.87 2.17 3.21 0.55  653
1765 41.92 44.61 25.36 2.98 9.75 9.95  1829
1410 67.48 60.00 50.00 4.77 8.23 6.50  37
10 50.03 52.20 34.77 3.68 7.35 2.00  1843
1815 35.12 56.31 50.00 2.10 1.61 2.95  1907
1208 3.25 41.54 43.51 6.48 6.67 8.42  272
850 47.61 39.53 39.95 7.30 0.00 3.48  261
1408 27.94 8.58 46.23 4.43 4.07 2.88  391
953 25.52 9.53 50.00 2.80 0.36 1.64  1967
679 13.32 43.31 50.00 3.14 5.81 1.65  1594
1375 37.49 40.66 50.00 1.57 7.57 2.91  2038
1489 60.88 57.95 0.08 10.00 5.14 8.24  1673
333 56.41 28.16 11.42 5.21 5.04 9.58  1528
125 27.26 7.42 50.00 9.99 3.43 3.90  1745
445 42.68 53.67 47.28 0.66 9.06 3.21  1202
603 42.72 30.53 50.00 1.50 3.04 8.26  38
1270 59.52 60.00 17.90 0.94 9.40 5.00  1573
1807 70.00 34.46 50.00 8.90 9.08 5.93  66
311 52.21 26.58 40.23 9.21 4.90 5.17  522
736 64.88 24.33 48.42 5.58 5.93 9.32  770
1283 31.61 60.00 5.02 3.47 0.29 0.34  1115
1720 70.00 16.04 50.00 8.66 3.30 0.52  709
1236 70.00 21.98 14.76 0.52 5.20 3.31  1123
513 67.33 15.97 36.25 8.99 7.61 2.75  639
1134 48.54 60.00 22.74 5.43 4.73 4.73  1688
497 70.00 1.68 30.68 6.05 7.93 0.47  1296
1814 24.03 55.11 50.00 6.32 9.24 1.33  507
1660 70.00 34.07 15.09 0.94 4.23 3.54  135
48 16.52 59.11 28.91 6.45 5.10 2.39  1328
564 27.83 4.39 16.10 9.71 8.50 0.01  1329
1603 30.99 52.41 50.00 6.44 5.27 6.41  1446
337 70.00 9.92 49.90 9.19 9.97 2.16  201
1482 59.21 60.00 40.39 1.37 3.20 3.87  51
382 11.45 31.96 13.02 4.83 3.65 5.42  1320
243 28.29 31.60 32.20 0.44 4.23 1.83  753
1314 49.98 35.70 4.43 0.63 8.70 8.07  1459
1576 70.00 60.00 3.97 3.44 9.42 2.60  1445
1689 6.97 40.84 44.62 2.51 1.02 6.02  1962
539 55.81 40.54 49.98 8.58 5.67 2.87  1977
1797 20.25 60.00 50.00 2.60 4.10 8.30  1957
1063 31.54 41.46 30.24 2.28 7.64 3.72  1886
1670 36.99 60.00 50.00 1.89 4.49 1.29  417
1505 2.23 31.14 9.55 4.16 9.49 5.43  204
1290 7.97 45.18 26.72 5.56 5.19 9.65  2013
521 41.52 23.95 43.40 1.17 2.05 7.49  183
309 0.05 50.09 45.86 8.70 2.31 5.12  1739
1141 70.00 32.17 34.49 4.50 1.77 2.26  565
695 70.00 20.97 50.00 3.30 9.47 7.75  865
1278 50.99 60.00 30.41 3.50 6.67 4.44  1259
970 13.50 3.14 36.38 8.58 0.94 3.17  1300
1067 57.83 45.79 21.99 2.67 8.25 6.33  1088
1970 70.00 56.40 32.59 1.51 1.11 1.61  1315
544 54.33 37.24 2.34 2.88 3.58 4.45  765
1735 70.00 60.00 16.07 8.58 4.14 4.15  1273
29 70.00 31.61 3.50 7.27 3.74 6.13  1163
234 69.35 48.08 16.81 0.62 5.97 7.02  1178
1034 31.76 45.89 11.21 6.84 0.78 6.90  989
570 57.98 5.03 2.12 5.40 2.21 1.14  1253
1160 5.35 4.26 50.00 2.37 1.19 2.56  240
102 30.23 36.18 45.04 3.98 1.03 7.14  550
1108 70.00 60.00 50.00 8.55 5.59 4.20  1632
1606 70.00 12.90 50.00 3.66 0.77 3.73  237
1593 17.36 7.24 14.69 4.78 8.46 2.06  668
1044 70.00 18.61 26.35 7.12 0.14 3.94  420
54 13.90 38.40 36.20 6.46 4.60 5.74  1044
577 33.23 55.12 27.52 2.76 4.07 6.97  1746
1592 70.00 60.00 50.00 0.92 6.59 5.69  626
1990 70.00 3.83 28.84 9.24 3.47 8.72  2034
907 70.00 45.50 20.75 6.44 6.04 4.52  490
166 70.00 59.99 48.94 5.62 2.32 8.12  381
1779 70.00 19.24 3.38 0.36 7.79 8.92  1937
675 45.95 17.91 15.08 2.71 2.65 5.24  16
382 70.00 45.09 10.68 6.06 5.49 3.72  660
529 6.27 17.60 41.95 7.98 7.82 7.03  428
1077 49.64 48.33 45.81 8.39 6.67 1.65  483
1104 69.34 44.92 37.55 1.60 9.03 3.91  707
1555 34.77 10.96 13.55 5.87 0.98 5.18  1035
1443 70.00 7.97 15.99 1.36 9.47 1.22  1255
796 55.63 18.47 24.22 4.59 3.10 3.38  637
518 4.16 60.00 14.62 5.13 6.99 0.42  600
2013 36.76 22.44 37.71 7.22 8.30 7.29  406
229 67.85 50.86 50.00 8.51 0.57 1.46  388
854 58.72 58.19 1.91 9.76 0.22 2.94  1661
2022 28.75 33.90 37.88 7.01 9.70 7.31  1049
1292 19.19 26.52 24.62 1.26 2.49 4.15  228
1418 70.00 0.42 36.03 4.38 9.30 8.91  1026
1755 67.15 60.00 20.28 8.38 5.96 7.72  1456
1718 68.89 0.81 31.08 6.60 9.41 1.88  1153
816 28.68 33.93 1.61 9.09 6.48 3.45  1438
1865 14.23 45.83 15.24 1.44 6.81 9.64  117
375 21.56 3.06 46.00 8.61 1.48 1.97  1184
602 49.46 42.44 11.73 2.81 9.45 8.85  387
1228 46.91 42.42 48.21 7.36 2.82 5.10  1192
2046 19.04 12.00 2.65 2.42 2.48 7.60  1039
1358 70.00 11.15 19.73 7.33 5.15 8.82  342
317 39.15 30.18 15.72 6.75 0.18 1.30  1013
1057 5.04 60.00 50.00 9.30 9.34 7.84  1341
1129 70.00 50.81 25.43 9.25 1.11 1.82  792
1446 50.40 5.90 4.20 2.07 5.23 5.78  168
241 70.00 5.60 35.60 3.86 6.08 8.22  617
1611 30.19 42.05 36.69 5.79 4.84 6.07  174
1983 55.54 14.86 2.94 1.31 1.64 9.00  184
1335 5.44 11.22 39.96 7.30 9.93 8.43  102
63 70.00 38.38 50.00 1.82 6.04 2.22  1909
1551 18.69 60.00 50.00 6.06 5.61 4.02  754
80 11.65 29.25 49.95 1.76 2.20 7.10  1640
322 66.16 28.29 6.81 7.07 8.17 1.86  69
750 28.80 60.00 37.53 4.76 4.28 5.67  87
392 70.00 7.59 42.82 2.85 8.74 9.45  434
889 70.00 4.21 16.26 5.08 1.06 1.24  803
1698 58.94 13.51 50.00 1.27 9.49 4.72  1899
1919 68.25 12.25 47.46 0.07 3.85 8.94  1290
501 70.00 39.07 40.97 1.60 3.27 4.13  484
823 3.31 2.78 38.68 4.44 8.24 7.56  441
557 11.00 60.00 13.62 7.76 6.54 5.38  457
792 67.79 60.00 11.60 8.48 0.01 8.95  349
243 64.91 7.79 9.48 8.47 4.93 3.20  1940
899 58.92 33.25 10.56 2.33 7.50 6.12  1352
397 39.53 3.91 50.00 7.39 8.69 5.05  1567
1003 70.00 32.65 44.41 3.49 5.65 1.63  1029
593 70.00 53.99 44.34 6.78 5.59 0.68  586
457 63.97 53.17 44.88 2.82 3.29 8.73  126
1515 70.00 30.99 6.77 4.26 9.98 7.51  984
1606 36.79 23.75 29.84 1.10 6.02 6.60  92
1491 70.00 32.13 47.02 6.58 3.23 3.28  1405
1197 70.00 32.06 16.25 8.89 2.43 2.68  1003
1425 70.00 14.58 50.00 8.32 0.10 9.98  1096
1186 3.72 48.71 50.00 5.67 4.78 7.67  1892
15 31.65 0.86 13.47 7.06 3.42 9.65  1639
1644 44.40 33.25 17.69 3.32 5.17 6.25  1412
1491 23.98 18.31 11.23 2.56 1.66 5.12  646
1761 57.81 60.00 50.00 2.92 8.75 7.40  517
1458 3.39 22.18 50.00 6.53 8.29 7.39  1229
7 70.00 11.56 50.00 6.60 5.36 7.01  124
647 10.24 26.22 1.35 1.86 2.23 8.53  721
253 70.00 37.26 24.18 6.03 3.40 9.32  1388
110 70.00 28.10 34.19 9.54 3.78 4.82  1023
1931 8.98 38.62 50.00 0.17 4.39 8.80  375
1071 66.65 60.00 2.60 5.82 4.64 1.66  472
1393 11.48 57.23 11.02 5.73 6.38 6.16  1197
192 49.52 25.20 28.98 5.94 1.30 9.92  889
1959 55.93 51.56 1.10 8.53 8.53 8.31  588
565 4.25 60.00 4.15 2.72 3.95 4.74  1403
916 26.51 21.27 44.51 0.26 1.17 7.54  774
1001 34.13 42.65 28.21 1.46 4.61 3.37  1989
729 55.21 60.00 17.33 8.68 4.50 7.28  2030
615 70.00 18.14 2.58 6.74 4.47 9.33  1205
1572 61.22 47.08 0.43 6.37 8.17 5.65  60
318 32.76 18.82 31.47 4.69 7.89 8.16  1059
113 70.00 60.00 42.73 0.25 2.79 1.16  567
754 57.64 60.00 42.72 5.68 5.34 5.41  1276
587 36.53 22.63 31.54 6.95 5.24 2.13  1920
1569 9.56 9.12 50.00 9.81 5.90 2.68  47
1441 70.00 33.63 0.25 4.75 3.57 0.24  1805
42 70.00 4.17 1.79 1.34 8.09 2.43  720
852 37.50 9.75 13.38 6.56 5.07 4.89  431
996 18.52 8.26 47.96 0.20 2.31 9.76  232
229 15.01 60.00 30.81 7.51 4.75 4.14  307
847 63.53 17.30 44.96 9.84 4.60 9.16  898
854 22.67 24.29 3.40 0.55 1.42 8.07  2
1730 45.73 60.00 30.99 2.20 6.92 8.49  1736
516 3.41 19.00 9.62 0.58 6.97 5.59  560
919 61.26 48.41 10.22 3.88 8.93 2.05  860
1297 70.00 60.00 23.53 8.90 1.51 3.65  932
332 33.45 20.13 47.26 3.96 7.89 1.44  1948
1245 70.00 45.81 27.88 0.10 5.18 4.56  1674
1728 7.32 48.14 31.13 4.30 1.35 6.67  248
1857 36.43 16.88 27.28 0.55 6.68 8.20  896
876 70.00 39.01 31.76 9.04 9.82 4.13  61
330 19.86 53.47 15.34 6.68 1.42 8.47  341
609 70.00 55.24 50.00 3.08 8.26 1.97  1147
1447 70.00 53.91 41.73 9.25 8.55 3.15  435
87 70.00 60.00 6.72 9.30 3.67 8.99  1155
1628 6.86 52.39 9.37 1.96 8.67 9.58  1988
835 70.00 54.69 25.51 4.91 6.07 2.19  1037
2044 21.67 54.84 25.07 6.90 2.84 2.01  1794
668 49.99 60.00 34.35 6.96 9.42 1.20  497
805 23.61 58.87 26.21 0.11 0.23 5.47  1520
1018 35.84 10.42 6.18 9.59 2.85 5.79  1080
808 70.00 39.85 30.45 5.21 8.13 3.06  743
408 67.73 15.20 1.96 0.39 7.39 8.39  1684
854 29.76 59.00 19.95 7.50 4.51 3.47  728
8 59.23 60.00 35.47 2.41 5.88 6.39  274
1245 19.26 21.24 36.57 1.70 1.54 0.81  44
1938 49.43 58.32 2.61 3.38 9.27 1.37  1820
506 63.72 60.00 24.97 8.98 9.83 5.06  1054
1211 27.21 0.72 8.90 4.71 8.79 5.31  1177
1523 37.36 13.65 35.78 0.97 8.75 4.79  1281
952 46.51 9.20 4.13 2.55 4.62 8.35  546
117 70.00 5.19 7.33 4.32 8.86 1.17  1360
1305 13.65 60.00 38.17 1.76 6.51 0.29  1481
942 33.65 3.27 40.24 7.13 0.42 9.07  437
1853 52.55 22.57 49.95 2.52 3.95 9.45  782
1065 54.11 27.00 0.90 3.17 7.55 4.25  356
521 38.53 55.15 24.49 0.31 1.64 0.23  1335
1086 43.42 5.33 50.00 8.36 2.23 0.92  1885
226 66.52 60.00 44.67 3.75 4.21 4.02  1466
225 70.00 2.96 50.00 1.98 8.10 8.13  132
1026 70.00 35.07 34.69 2.70 0.56 0.58  1556
1713 62.17 0.71 50.00 9.60 0.66 2.06  426
1565 9.00 9.50 7.66 2.44 7.63 7.75  1505
598 31.44 8.75 19.94 1.34 0.66 1.54  212
1921 19.43 33.06 37.99 0.09 2.79 9.02  302
666 49.15 31.33 12.73 4.14 1.85 0.98  221
1319 39.40 58.40 27.59 7.41 9.96 1.90  1102
779 56.63 24.14 44.27 7.17 3.56 6.31  887
379 22.99 48.68 50.00 1.61 1.99 6.17  258
1962 70.00 19.59 17.75 0.24 5.58 9.70  452
1840 68.66 8.01 21.16 3.51 8.86 1.66  1235
689 70.00 50.58 32.18 4.17 6.62 6.08  910
1310 61.38 10.20 33.66 2.01 2.07 1.05  99
382 4.73 42.57 47.07 3.57 1.64 3.44  138
1516 17.33 20.60 29.23 6.38 8.56 6.08  756
626 70.00 48.07 34.03 5.05 7.34 6.55  685
13 60.30 22.84 30.40 4.59 6.84 5.89  998
2020 28.77 24.93 50.00 1.51 0.71 6.67  827
983 14.46 15.39 13.30 8.03 1.63 6.47  1943
316 70.00 27.15 16.99 3.85 4.59 3.13  28
1635 70.00 35.40 37.80 2.00 6.61 0.03  868
1999 62.88 32.18 29.78 0.19 7.01 3.92  700
587 70.00 60.00 5.53 8.24 3.79 5.71  838
1646 28.85 60.00 50.00 6.90 9.50 7.05  833
955 70.00 40.74 23.58 1.78 0.24 7.59  1182
1343 65.10 53.16 47.04 0.19 4.91 8.80  1581
1218 10.40 7.56 50.00 1.13 2.72 5.48  1274
1299 45.10 3.34 45.63 9.82 8.25 5.69  419
637 60.66 9.24 49.21 8.96 5.99 8.62  241
613 25.75 2.33 50.00 1.91 6.56 9.73  1831
1151 51.89 21.01 46.82 1.84 6.89 3.70  1327
1524 70.00 33.73 50.00 3.95 6.45 8.24  289
1707 64.36 60.00 39.32 2.97 9.67 8.35  1821
1073 7.56 33.36 34.58 6.51 2.90 5.68  908
978 59.43 31.65 26.35 2.92 5.17 9.33  1539
697 70.00 60.00 21.23 0.76 9.79 2.48  88
1395 42.14 60.00 37.02 0.91 3.56 4.34  1310
153 56.92 15.59 26.53 3.29 5.14 0.57  1180
1099 70.00 60.00 40.00 5.05 3.30 6.69  1375
98 37.79 24.20 13.35 7.53 0.60 3.79  1873
1740 70.00 22.28 12.88 4.44 4.41 6.06  757
1747 45.51 60.00 0.59 9.62 8.92 9.52  1701
1799 70.00 44.76 50.00 1.90 8.14 6.57  1461
856 40.53 22.16 50.00 2.85 5.17 2.11  1284
585 44.49 60.00 6.12 2.50 4.10 6.75  1129
1477 53.21 30.26 35.10 4.10 8.27 5.57  107
612 32.83 51.67 50.00 3.76 5.56 6.23  1806
837 12.83 60.00 21.14 5.39 1.25 7.96  255
1152 54.98 17.07 25.77 7.01 1.31 2.14  673
230 48.88 51.30 23.64 9.23 1.74 0.25  1324
1122 65.69 25.25 26.56 9.59 2.98 5.51  1213
272 54.70 60.00 48.69 4.24 0.69 3.46  835
1577 35.63 59.51 10.07 3.70 7.66 5.79  70
2003 70.00 45.67 27.56 4.13 7.64 6.46  1196
1238 42.13 53.43 39.04 2.22 2.49 1.28  455
1312 70.00 60.00 50.00 4.40 6.74 9.10  415
581 70.00 6.98 50.00 5.40 6.79 5.62  21
221 35.89 37.14 36.51 3.60 0.81 6.95  1576
1748 31.01 55.82 19.87 6.44 5.47 7.31  347
60 70.00 46.80 12.21 5.80 0.73 2.43  1699
1164 60.31 43.42 50.00 9.76 9.71 1.48  1672
707 70.00 31.42 27.70 4.23 7.96 7.14  1243
1133 42.18 57.21 7.28 4.50 4.63 1.90  795
1335 28.90 28.18 50.00 9.31 7.87 9.49  1775
1368 12.33 57.98 14.19 8.82 5.04 8.35  1256
1509 2.05 30.25 44.48 3.64 3.79 5.39  761
1055 70.00 2.63 19.11 8.97 4.45 0.30  919
1465 33.53 18.26 28.75 8.11 6.78 4.85  1171
1119 70.00 57.96 49.67 2.43 7.44 4.79  871
302 70.00 16.38 44.93 3.64 5.11 9.38  558
797 70.00 60.00 9.25 7.31 5.92 4.22  1976
84 70.00 60.00 28.61 7.96 2.51 1.39  1955
1891 70.00 60.00 21.30 2.80 2.59 1.57  819
747 12.09 0.91 20.97 3.41 5.20 1.94  1291
963 7.07 60.00 18.31 8.18 6.56 5.58  2032
560 17.97 35.96 50.00 4.72 7.70 5.60  1086
1585 70.00 25.44 50.00 2.41 2.46 9.81  1275
472 52.46 36.67 18.73 3.51 5.41 4.81  1493
875 68.22 42.86 50.00 3.97 1.61 6.65  1881
656 70.00 5.35 1.84 2.61 1.53 9.34  1577
288 15.43 12.12 21.66 2.28 8.95 3.67  402
1701 54.02 60.00 20.76 6.76 6.42 3.69  811
1765 16.57 37.91 27.14 9.20 7.35 3.85  1160
606 14.40 50.93 6.75 1.61 1.27 4.13  338
852 61.04 36.13 50.00 3.08 9.61 7.10  1406
557 70.00 17.97 40.64 6.76 6.20 3.17  663
213 41.41 60.00 48.36 9.74 2.47 7.32  692
1565 23.57 20.46 44.58 7.52 5.95 8.72  861
1541 41.29 13.83 50.00 5.93 3.69 9.23  1828
157 55.88 60.00 30.73 0.26 6.88 4.79  1882
308 70.00 2.86 21.91 2.17 8.52 3.49  1569
1115 70.00 33.03 3.48 2.96 6.96 6.08  487
1546 70.00 1.56 30.09 5.43 2.10 8.42  1622
1490 68.26 42.96 13.63 4.05 7.74 6.82  933
311 70.00 27.50 16.51 8.31 5.19 2.83  280
1802 70.00 60.00 5.22 2.91 5.29 0.54  1342
234 29.21 31.25 50.00 1.76 9.63 9.25  98
818 65.47 3.11 37.99 2.42 6.54 9.10  1293
725 34.35 0.44 24.16 4.39 1.56 9.92  1540
480 26.53 29.30 46.42 3.13 9.93 1.23  279
683 16.43 31.18 45.34 4.31 2.88 2.54  793
808 70.00 26.92 9.16 6.18 6.25 1.44  1097
1848 23.27 31.62 37.54 9.60 9.09 8.17  1154
1039 4.34 12.27 46.37 4.97 7.30 2.53  552
432 26.95 45.89 10.92 3.92 2.36 2.71  1430
679 70.00 11.56 15.64 9.07 9.57 9.02  439
841 56.33 3.98 6.59 3.75 7.46 6.15  474
1940 70.00 6.39 37.10 4.90 6.32 7.68  1519
461 70.00 29.26 49.91 5.86 2.23 2.46  1433
1236 53.25 3.94 1.53 2.57 8.23 3.08  416
1452 70.00 60.00 47.46 8.73 9.02 7.97  463
1107 65.08 58.97 21.06 2.32 8.79 6.38  1887
1003 70.00 25.94 20.05 0.84 5.98 9.33  411
296 9.24 47.52 5.97 5.05 9.36 0.65  2045
1364 34.43 33.91 46.67 3.34 2.85 4.65  1301
336 70.00 2.85 12.32 3.97 9.78 2.27  188
875 17.05 15.21 50.00 6.22 1.67 3.78  1662
73 66.70 46.84 50.00 6.10 6.10 1.36  144
1026 1.19 30.19 50.00 6.36 4.54 8.92  1016
563 1.82 33.60 26.70 8.55 7.79 1.37  465
1674 23.66 7.01 34.37 4.52 5.05 3.61  1704
2002 25.13 42.15 1.13 2.17 4.67 5.13  954
999 70.00 15.33 7.50 7.37 2.25 0.40  1603
873 33.91 60.00 50.00 9.71 9.22 7.27  810
784 64.09 39.91 15.99 1.52 4.04 4.32  268
337 29.55 46.04 37.78 4.17 4.99 8.94  610
936 63.26 6.06 1.84 0.16 5.40 3.51  870
781 70.00 43.62 36.29 1.15 6.99 4.13  557
1150 4.20 60.00 0.69 1.12 2.92 0.07  79
1212 7.87 59.97 41.39 3.35 7.15 6.25  1604
8 70.00 58.45 6.54 8.31 6.64 5.26  581
246 25.23 44.70 12.49 2.11 7.86 3.31  494
1278 7.12 60.00 25.31 9.07 9.88 5.06  519
658 6.34 23.99 19.81 5.98 0.84 7.35  2015
1653 50.25 19.04 3.87 7.64 3.15 5.01  506
1029 33.73 14.04 47.33 6.60 8.32 4.69  837
1632 57.11 60.00 37.65 2.83 6.12 9.82  24
1531 70.00 16.73 50.00 3.10 10.00 4.34  699
1977 66.80 34.31 50.00 5.30 8.26 3.55  686
1818 25.85 0.51 7.75 5.08 3.49 8.54  1165
1106 48.96 17.31 2.81 9.80 0.06 2.28  1498
789 46.85 8.10 26.43 6.10 9.75 8.88  1516
1552 30.21 59.04 41.98 0.10 9.12 3.61  1994
975 65.66 60.00 28.10 1.72 8.94 8.83  579
1311 13.65 50.65 24.80 0.92 5.17 8.27  961
434 70.00 7.94 10.23 4.13 7.97 6.38  1325
1503 39.19 24.29 43.64 3.78 1.68 8.87  367
1357 46.94 16.74 0.83 5.91 9.99 4.09  1606
563 1.50 58.47 1.18 2.04 4.63 0.96  947
212 70.00 60.00 50.00 4.27 8.55 4.89  1090
1111 45.33 33.12 33.77 7.96 8.57 3.95  136
373 12.30 45.39 21.52 1.31 8.27 6.57  1292
1442 70.00 56.77 39.30 0.09 1.56 4.23  968
787 34.72 45.53 48.58 0.35 8.56 2.35  1497
814 70.00 60.00 29.38 6.39 1.10 2.19  1345
670 70.00 24.54 23.24 1.01 0.11 5.73  234
1524 70.00 25.83 11.82 6.39 7.95 9.40  1492
60 19.61 33.29 42.76 1.46 6.62 0.29  1950
1226 14.54 60.00 27.47 7.26 1.14 3.80  324
34 69.99 44.32 46.47 2.03 6.52 7.02  592
1394 5.00 1.79 20.02 4.06 0.98 0.12  640
1127 30.70 29.34 30.36 6.00 4.45 7.87  2021
10 43.41 15.10 38.21 5.16 3.89 1.20  175
3 44.95 11.16 39.66 7.91 9.49 1.80  2020
1598 70.00 60.00 22.74 2.00 0.02 5.14  335
184 60.47 43.11 36.86 2.18 9.02 4.25  1654
1776 49.35 59.98 44.21 7.47 7.51 4.03  727
2023 70.00 60.00 36.58 2.47 4.22 9.44  1317
99 35.77 60.00 39.22 2.39 2.81 3.53  1248
1565 62.54 28.73 21.80 1.09 7.27 3.07  573
1911 35.93 60.00 49.00 4.84 0.41 0.87  934
1949 70.00 12.59 25.54 3.51 1.95 7.41  1344
825 12.39 13.14 23.95 4.01 4.17 2.13  1227
1592 65.24 33.56 50.00 3.00 0.79 7.24  1754
450 70.00 60.00 47.74 0.43 2.35 9.82  869
900 70.00 39.93 50.00 9.58 3.20 0.50  570
1852 70.00 52.56 41.64 8.58 5.88 9.96  2012
713 70.00 47.33 13.92 3.11 2.50 7.67  764
763 4.01 50.67 23.44 7.60 0.06 5.32  1467
253 50.25 40.46 22.16 8.55 5.98 4.84  1504
436 40.18 13.88 20.35 2.24 0.86 9.10  539
1978 43.41 56.96 37.59 7.42 2.56 4.22  56
15 0.20 60.00 41.71 0.72 3.49 3.12  1194
818 58.22 29.85 16.31 1.21 8.70 7.89  612
1884 70.00 57.16 11.16 9.42 0.44 6.90  1455
50 66.15 22.84 43.23 4.92 5.73 2.39  2046
1931 28.91 3.69 7.11 8.90 3.57 0.87  218
628 11.44 18.33 49.24 8.39 2.53 0.22  1620
1867 70.00 60.00 50.00 1.20 7.82 9.18  405
719 40.65 56.07 10.55 6.84 7.35 4.19  112
1511 12.13 24.02 50.00 7.13 7.36 6.34  1277
1128 23.19 43.26 21.60 5.07 2.78 0.07  1593
870 70.00 6.81 25.01 5.53 6.43 9.03  876
1369 25.42 60.00 49.94 8.96 0.09 6.56  1871
877 35.54 39.98 50.00 4.68 1.59 0.42  1053
1873 66.61 28.03 50.00 9.95 4.06 6.51  1926
1937 54.15 48.22 42.64 1.24 6.43 0.89  569
1064 70.00 28.17 50.00 7.96 8.70 5.88  36
1795 70.00 34.27 11.32 5.42 0.62 7.35  802
1700 61.39 60.00 43.57 3.76 8.96 2.37  1368
1255 70.00 53.87 15.27 3.25 7.95 4.80  152
1407 16.71 5.85 13.69 7.66 4.97 1.94  52
1316 14.37 56.20 2.28 9.69 9.47 8.99  1483
820 70.00 39.22 23.57 4.99 4.77 2.62  523
567 70.00 52.02 13.79 1.05 4.33 0.19  1518
1306 70.00 48.30 31.13 6.23 9.98 9.77  1362
1581 70.00 4.98 34.23 2.40 8.18 5.67  537
1331 70.00 60.00 44.70 6.20 8.13 9.28  576
1790 70.00 47.28 18.15 7.68 4.00 4.19  988
47 70.00 60.00 6.75 0.12 5.98 2.91  1473
858 55.50 34.85 38.32 7.20 8.29 0.58  891
586 7.97 24.24 0.51 9.61 2.13 8.85  202
563 70.00 41.80 8.96 1.37 4.25 3.94  491
1575 52.77 1.18 50.00 5.77 4.97 6.34  454
1444 70.00 48.53 29.16 1.16 7.30 9.94  1240
1532 58.24 0.90 22.72 5.21 5.69 2.98  1260
517 37.87 26.73 10.53 7.06 5.48 7.72  1386
1605 70.00 18.11 44.67 5.05 6.18 2.78  731
1473 70.00 14.64 27.20 9.88 2.23 6.24  1919
1698 46.88 7.08 34.94 9.95 9.71 8.60  155
1517 38.29 44.89 23.35 9.94 9.22 4.51  1432
1671 35.40 60.00 22.55 5.30 9.73 0.53  323
138 24.11 26.25 0.81 7.58 8.06 6.59  369
1344 25.32 54.94 31.96 1.38 9.96 8.19  71
55 44.77 12.16 50.00 8.30 8.46 6.73  527
1014 70.00 27.35 34.55 9.95 8.50 6.45  1666
1795 70.00 32.61 50.00 1.92 2.07 3.45  982
616 36.64 46.71 39.77 4.21 1.11 6.29  631
94 18.07 0.04 1.91 7.71 3.81 5.72  48
174 13.01 56.97 6.84 0.57 5.63 2.50  319
1353 70.00 40.15 14.90 8.16 0.02 9.88  843
1645 70.00 60.00 2.14 3.22 1.80 3.18  64
858 27.92 60.00 27.32 3.88 3.61 4.90  1402
2008 9.93 2.68 0.68 6.52 9.50 9.23  1358
1956 5.82 38.18 21.23 2.48 5.02 6.63  999
1847 70.00 4.21 49.37 0.91 5.31 1.52  1716
834 46.41 30.68 24.72 6.31 1.86 9.96  470
983 6.76 3.88 50.00 2.81 3.75 4.65  530
251 53.78 60.00 47.88 9.00 5.16 3.03  1393
477 53.79 25.24 14.73 3.48 5.56 7.10  1612
870 3.08 24.58 23.83 9.90 2.00 1.05  2044
1771 6.40 50.59 47.84 2.38 4.27 2.01  1914
493 70.00 4.35 7.40 0.30 0.74 9.07  1875
604 70.00 60.00 34.51 3.34 3.17 9.50  677
568 23.41 13.68 19.84 6.76 0.30 6.56  1179
648 10.20 3.07 15.29 3.60 0.43 4.81  1834
977 65.61 32.06 24.25 6.07 7.06 0.73  715
1953 46.87 12.39 16.76 1.82 1.17 3.55  784
1582 20.78 33.37 39.86 5.39 7.06 3.12  1332
1440 70.00 21.34 1.86 8.96 2.72 2.57  182
1747 7.26 10.79 42.96 9.60 3.71 5.91  1348
1569 2.38 28.49 50.00 0.34 5.17 7.76  159
1775 66.92 21.79 23.79 9.40 9.24 1.53  1067
1568 70.00 30.84 19.50 5.89 4.09 5.76  745
1662 21.68 37.54 41.33 6.77 6.33 2.85  1982
1867 70.00 58.66 50.00 3.62 7.57 0.34  1486
5 9.32 60.00 27.96 2.96 2.82 3.47  1558
1506 50.58 44.20 47.98 5.68 6.97 3.26  1880
992 9.56 60.00 50.00 7.26 1.73 8.58  971
15 67.46 20.95 29.91 3.25 0.50 9.06  1340
1612 61.23 60.00 29.34 5.17 8.40 8.36  1416
1878 33.29 40.53 16.58 1.34 3.36 0.97  1890
156 70.00 18.54 1.47 2.66 2.29 9.36  688
1203 32.42 42.25 50.00 5.14 7.35 5.58  1527
1387 31.18 44.77 18.74 0.59 8.45 5.41  931
539 0.21 19.79 26.41 0.43 0.08 4.80  1760
537 67.20 20.31 22.62 1.17 0.72 0.31  167
1088 50.57 59.17 24.79 9.21 7.28 0.55  1357
1681 19.87 7.88 20.96 8.00 9.68 0.22  1572
971 70.00 60.00 23.79 3.82 6.37 6.61  1394
23 18.67 4.44 31.92 3.52 0.88 6.58  1119
449 70.00 60.00 13.55 4.86 2.68 9.98  1140
1458 50.90 23.58 10.02 4.72 8.92 0.94  502
1344 61.28 23.81 25.66 6.17 6.05 6.47  195
1512 70.00 17.19 16.68 9.92 5.83 3.01  1203
1436 70.00 60.00 37.09 0.58 4.09 9.24  50
1673 60.28 38.21 17.72 8.55 6.02 3.36  749
138 67.48 3.00 47.27 9.27 1.39 9.75  1992
400 44.96 60.00 11.93 2.60 8.89 4.65  2041
1332 70.00 7.78 50.00 1.13 2.39 5.37  34
1699 16.10 43.95 43.45 4.61 2.08 9.83  881
2008 65.45 43.67 50.00 3.94 0.97 2.40  1353
4 50.79 10.86 50.00 3.69 8.70 5.31  1808
809 52.18 47.46 50.00 0.78 2.77 3.66  339
1449 70.00 59.20 3.62 9.19 6.58 1.71  875
406 20.71 3.34 41.52 1.72 8.61 2.89  689
461 70.00 21.72 7.69 3.15 4.31 6.20  1404
1641 70.00 60.00 21.13 6.01 0.43 9.58  1190
302 51.25 55.74 48.63 7.90 1.83 9.83  1042
513 17.38 25.17 43.40 1.99 5.55 4.26  495
1878 56.76 47.56 17.03 6.37 1.00 1.96  368
593 36.62 57.14 50.00 6.17 2.42 1.78  822
1345 7.44 8.76 45.56 0.17 8.04 2.86  438
1645 31.62 23.74 26.34 5.63 3.25 4.69  440
23 70.00 53.60 50.00 6.20 3.09 6.32  1626
1575 24.66 60.00 50.00 5.39 5.50 7.40  1958
1801 62.69 57.97 50.00 7.45 7.66 8.22  809
636 36.35 3.73 23.89 1.20 8.74 0.06  318
997 8.07 36.54 30.09 9.01 4.30 4.37  1233
1574 48.67 57.44 46.11 4.37 4.67 5.21  18
668 13.34 54.14 50.00 7.12 2.23 5.13  225
915 45.94 60.00 1.31 4.39 9.91 6.94  467
427 69.62 60.00 6.51 9.58 2.03 3.82  1912
1121 54.04 60.00 50.00 5.35 1.95 7.96  466
351 57.68 57.53 49.97 9.46 0.35 4.60  1533
691 60.02 19.57 18.07 6.83 2.78 9.34  641
701 70.00 11.64 19.05 4.40 6.06 2.44  1952
945 30.25 24.92 35.63 8.72 0.24 9.59  393
556 35.42 10.35 50.00 9.73 0.04 6.01  1204
281 16.22 0.10 17.75 5.18 8.13 7.86  1047
1565 70.00 50.99 50.00 8.17 7.96 3.63  1774
772 5.94 45.64 50.00 4.80 1.90 8.27  251
116 70.00 60.00 27.51 2.73 4.03 4.91  1744
1985 11.50 42.21 46.17 6.36 9.38 4.46  1771
725 61.36 60.00 49.29 3.05 1.95 7.68  418
820 35.50 31.23 49.08 9.05 6.66 1.34  1011
945 65.59 8.05 4.90 1.73 1.48 1.82  1718
1575 0.05 52.41 48.10 9.97 9.25 1.51  1750
1217 70.00 10.67 48.52 5.49 3.18 0.53  501
1467 11.37 8.65 22.30 4.35 8.68 2.97  1667
1103 28.44 45.35 40.36 9.33 4.35 6.67  1305
121 29.16 54.79 43.36 3.73 7.14 8.28  196
759 70.00 21.55 14.79 0.26 4.43 7.53  1418
1652 70.00 38.57 21.17 8.64 7.34 0.52  1788
1891 9.36 5.87 3.09 2.10 2.10 8.55  1579
383 20.38 35.07 12.92 2.90 4.48 3.62  1508
787 70.00 60.00 34.24 6.37 7.13 4.13  171
1720 47.59 15.75 11.29 1.40 1.47 0.48  1786
1633 62.53 60.00 22.63 6.40 2.99 5.53  229
114 57.57 60.00 50.00 9.74 0.32 7.99  1491
172 70.00 1.05 50.00 4.57 7.55 0.94  352
1027 70.00 5.02 23.94 7.46 1.80 0.05  235
1047 48.70 26.25 45.77 7.51 5.55 4.08  109
1803 70.00 60.00 25.42 3.75 4.23 3.51  1380
1058 70.00 60.00 8.66 1.09 4.32 5.06  797
124 39.47 58.38 46.58 1.50 1.16 5.19  1501
1069 20.64 38.70 38.76 9.21 8.45 3.05  801
9 2.12 20.22 50.00 8.76 8.78 5.25  1584
31 12.02 31.63 14.24 7.39 7.96 5.20  131
1925 56.06 60.00 50.00 1.71 7.25 1.12  1506
1639 15.37 60.00 50.00 6.07 2.50 1.54  1211
610 70.00 52.16 13.25 7.80 8.72 2.37  524
240 70.00 15.17 49.47 0.55 8.53 2.44  337
1186 23.49 60.00 50.00 6.03 7.57 6.14  877
751 26.64 40.75 0.10 5.55 2.97 5.71  149
367 46.48 60.00 18.04 1.62 9.17 2.52  1924
1289 28.60 24.72 0.91 3.91 2.27 4.07  1769
1785 57.69 24.56 24.28 9.50 1.31 4.88  366
222 70.00 31.61 41.58 2.25 5.74 3.94  190
1614 30.91 60.00 38.11 1.88 9.81 7.76  1095
485 70.00 29.27 29.23 2.86 3.21 2.58  1116
1952 70.00 37.97 43.40 5.99 7.77 1.71  1367
1097 70.00 13.19 49.20 1.27 5.82 5.18  118
686 30.61 13.26 19.77 4.84 7.43 5.73  210
1174 70.00 16.93 37.84 5.22 0.59 7.04  1181
1282 29.83 1.19 5.73 2.89 6.05 0.37  805
1306 47.38 2.93 6.36 3.12 1.52 0.12  292
345 52.70 11.38 50.00 6.64 4.04 4.30  1767
301 62.76 60.00 50.00 1.09 8.18 8.96  1149
407 70.00 60.00 22.01 2.16 5.77 0.75  180
995 49.08 23.53 50.00 7.14 2.80 9.86  1121
1199 70.00 60.00 13.01 5.98 2.47 3.13  476
78 34.67 8.89 32.31 1.74 6.30 9.99  830
47 70.00 60.00 43.31 6.12 3.29 8.70  1185
1530 70.00 18.20 42.19 5.80 7.21 1.85  1752
1873 0.18 19.68 50.00 5.15 7.04 0.73  1781
1574 48.35 22.06 32.28 2.29 2.55 3.43  1592
1044 50.68 59.99 50.00 1.47 3.43 9.86  1727
1562 15.32 3.86 50.00 6.92 1.93 7.63  1985
1862 70.00 29.28 44.98 5.42 1.13 0.36  1868
511 50.43 1.35 48.90 7.86 2.15 6.97  1089
1855 70.00 20.79 41.83 0.06 1.08 3.46  73
706 70.00 37.22 50.00 6.15 5.14 2.26  327
2000 60.47 50.25 39.69 7.68 9.08 3.11  1575
454 50.33 60.00 33.64 7.79 3.90 8.66  1210
1246 23.68 6.15 2.82 9.60 2.59 6.94  127
1955 70.00 57.03 31.20 6.72 5.49 9.91  449
568 70.00 52.41 15.22 4.22 4.42 1.88  1417
162 70.00 3.09 50.00 7.81 2.56 3.34  287
625 70.00 60.00 36.40 3.03 1.50 7.43  114
837 45.46 4.30 39.44 8.79 2.72 5.48  423
456 59.14 14.93 49.81 2.74 1.87 4.33  1298
1027 2.87 20.18 12.18 4.66 3.73 1.87  1254
1466 45.35 60.00 36.51 9.84 8.44 0.99  1975
1593 12.41 58.25 3.04 5.56 8.25 6.87  503
835 57.23 27.39 13.94 8.31 4.95 8.57  1916
1605 45.07 10.71 6.22 2.87 2.12 0.06  288
451 37.59 58.45 22.51 7.73 9.69 5.50  1057
1291 29.88 36.98 11.62 8.25 8.83 7.53  239
1031 21.98 23.40 20.87 4.42 6.73 9.82  1863
573 34.24 32.24 19.46 8.57 9.09 9.79  1968
309 57.39 23.06 19.10 8.24 4.25 8.20  1974
573 18.78 55.28 31.51 7.22 1.95 4.04  1862
296 65.65 60.00 37.57 8.94 5.66 1.56  781
1776 5.66 35.29 8.75 9.71 0.47 9.28  233
65 70.00 9.32 3.57 4.51 4.09 3.83  863
379 70.00 60.00 19.66 1.43 6.38 8.47  1280
703 70.00 30.53 26.97 5.93 3.84 9.60  1326
1697 43.79 20.04 28.12 7.74 0.57 4.85  716
1129 8.67 12.97 45.70 4.94 7.16 4.21  1610
356 70.00 39.08 50.00 3.32 6.07 0.01  808
942 68.15 60.00 42.05 9.35 9.77 2.42  7
146 48.93 25.78 36.51 0.06 3.32 1.21  1675
1097 37.83 53.56 16.06 0.85 8.00 5.31  19
1283 70.00 15.73 48.97 1.39 1.25 5.81  1061
529 43.00 19.31 22.34 9.40 2.89 6.45  1189
152 70.00 60.00 50.00 8.26 6.45 2.67  1084
1482 19.13 20.08 8.48 1.83 5.44 2.68  824
606 16.05 60.00 12.59 7.68 4.77 5.49  1383
175 70.00 8.84 33.53 7.68 2.00 9.44  1198
996 57.62 60.00 25.34 1.61 9.74 2.18  1092
1237 67.10 5.17 12.01 7.11 2.33 1.21  943
1854 5.98 37.72 16.17 2.22 7.37 9.15  1050
1427 70.00 42.86 40.81 1.92 4.86 0.49  962
1575 6.91 60.00 16.56 0.59 3.11 0.74  141
234 5.24 60.00 38.16 6.37 6.79 0.11  1381
381 26.19 28.22 11.69 1.84 0.19 3.56  1113
1567 34.92 19.66 16.52 6.21 1.02 0.31  1242
1623 70.00 10.44 6.89 0.16 5.73 3.97  778
960 51.31 25.51 19.16 8.51 9.66 9.14  1756
1053 70.00 6.50 7.02 5.28 8.07 6.08  374
1238 62.75 50.27 12.77 7.87 5.17 9.84  1263
1631 70.00 17.67 9.92 7.34 1.76 8.41  1981
1858 69.47 56.29 22.65 1.73 8.05 6.89  1787
1629 46.38 54.36 36.21 1.99 1.92 1.22  1306
274 70.00 30.17 39.67 6.69 3.17 0.97  1032
1267 27.49 10.87 14.66 3.00 4.03 4.41  1844
1300 70.00 14.63 38.51 3.40 9.43 7.20  533
1553 45.79 45.43 41.79 6.69 3.74 9.32  1591
1268 37.60 22.60 39.67 7.49 7.96 7.64  1583
1215 60.20 60.00 23.81 2.29 1.31 8.08  313
1531 50.53 41.03 3.52 3.17 6.09 4.57  1647
650 70.00 54.28 50.00 6.97 2.72 2.16  508
454 43.88 41.99 38.90 2.12 7.43 0.73  635
72 5.72 15.02 50.00 3.60 0.19 9.22  1161
843 70.00 60.00 39.39 7.72 4.58 4.44  166
304 69.88 14.87 28.08 6.01 5.67 5.14  1614
1809 70.00 42.99 45.85 1.62 1.69 5.33  1810
1440 70.00 53.08 15.25 0.67 7.61 7.67  1012
181 38.07 33.53 9.77 0.63 9.93 9.46  1420
303 2.96 44.29 17.99 7.67 0.54 0.75  1825
1193 70.00 56.50 18.14 4.63 1.59 3.63  1838
337 64.17 5.62 40.44 7.47 4.81 5.07  536
156 70.00 18.55 50.00 5.77 9.21 7.50  1490
1887 31.40 29.77 21.32 6.20 6.16 2.98  2033
1001 70.00 0.47 8.11 2.84 6.00 2.08  1010
922 70.00 30.09 18.46 0.68 8.82 4.34  674
334 48.25 26.53 49.19 7.63 4.18 2.42  1442
1973 70.00 45.58 6.82 7.57 6.77 7.36  1521
101 70.00 8.83 27.56 9.65 9.78 6.04  1107
1886 70.00 54.19 50.00 9.31 2.18 3.96  942
1345 70.00 20.53 50.00 7.16 7.70 3.58  1356
1399 3.60 47.17 12.60 4.85 4.89 6.37  265
1106 49.62 54.69 42.65 2.68 9.79 0.57  1131
1517 38.72 60.00 17.05 6.26 7.15 9.42  1876
1199 62.42 60.00 17.10 6.33 3.64 4.92  1509
1905 70.00 33.48 19.95 4.60 0.70 4.84  1650
226 51.69 11.80 50.00 6.36 1.10 0.58  1234
1786 70.00 47.11 8.07 1.42 5.02 8.77  322
703 70.00 16.73 36.23 0.10 4.90 9.61  897
371 29.28 26.79 24.07 6.63 1.59 5.08  197
1739 17.52 57.83 49.43 5.27 0.50 8.99  2019
2026 70.00 20.62 3.89 1.12 6.74 4.67  926
1163 28.36 7.21 2.80 8.98 9.25 1.30  776
75 14.82 8.71 30.03 4.22 0.28 6.35  380
1874 67.38 8.03 40.25 4.40 9.65 6.17  1436
468 70.00 59.97 50.00 3.38 5.57 0.08  813
1070 38.12 22.06 50.00 0.88 7.72 7.66  1398
400 70.00 60.00 31.84 7.01 4.82 8.50  965
509 1.85 38.19 50.00 7.08 4.80 9.24  872
346 44.44 13.47 48.30 4.01 7.86 9.68  1559
1583 24.22 4.06 33.35 5.47 5.19 7.41  1921
1124 70.00 40.62 2.95 3.77 9.11 4.30  701
1851 38.32 32.72 43.67 6.71 5.70 4.47  1702
1963 17.09 27.24 17.14 2.87 2.86 4.32  1898
897 34.05 18.52 11.83 9.60 7.86 6.63  1653
1150 19.93 40.39 16.33 7.20 7.15 0.29  1474
1096 70.00 16.66 48.10 2.99 0.33 1.47  1855
2023 44.72 49.50 10.81 5.24 7.36 0.64  973
1609 70.00 42.66 34.84 7.21 7.31 5.32  1689
1215 50.63 56.66 41.96 8.02 9.68 0.71  158
121 1.15 34.82 50.00 8.81 8.17 2.42  1014
45 50.90 60.00 27.23 7.88 6.32 3.05  2010
975 70.00 13.69 14.60 2.14 5.86 0.18  5
639 52.69 5.80 20.25 0.38 6.49 4.32  1848
73 70.00 58.06 44.18 8.61 8.82 4.80  445
386 70.00 18.50 45.53 4.47 5.29 0.26  453
428 70.00 57.79 11.29 7.28 2.79 4.46  691
1770 63.80 54.61 50.00 6.04 2.88 8.68  978
1611 60.20 8.29 25.44 4.17 8.33 1.17  1199
1511 70.00 60.00 50.00 0.12 5.53 3.56  2003
155 26.22 33.38 50.00 8.48 6.36 0.94  738
1941 70.00 60.00 33.89 9.16 3.75 1.74  1690
1633 70.00 31.40 50.00 8.81 0.44 4.29  160
1996 25.16 16.58 29.74 9.70 7.90 9.00  10
793 10.35 39.92 20.98 6.75 0.99 8.86  1574
933 52.35 60.00 50.00 9.27 3.72 5.18  755
856 70.00 57.56 0.19 5.89 4.78 1.16  1175
554 53.25 56.62 35.22 9.60 6.31 0.71  844
537 33.06 48.46 44.61 7.09 4.62 0.87  1941
1706 70.00 51.78 8.06 4.26 6.68 9.46  412
833 9.24 55.69 30.94 2.55 9.39 4.25  1970
1152 66.52 30.08 21.34 7.59 6.78 7.53  169
1547 37.16 4.32 10.22 7.35 5.63 0.74  1737
1675 70.00 60.00 44.96 0.86 3.32 5.07  1162
697 8.43 21.45 14.03 4.67 9.62 3.52  525
500 70.00 60.00 43.78 0.59 3.00 0.04  1085
1658 24.29 60.00 41.05 5.75 4.30 8.01  1294
1458 70.00 60.00 50.00 4.54 9.96 9.75  1565
876 70.00 53.51 50.00 3.93 0.68 7.63  655
1752 67.87 42.03 3.47 4.93 4.30 0.42  1637
1659 39.45 44.80 44.74 0.28 8.21 0.29  1884
1720 36.97 57.10 50.00 6.27 7.16 6.38  840
1537 70.00 8.36 2.08 2.95 5.96 7.64  1372
982 70.00 52.60 35.15 8.76 7.03 2.04  82
50 15.46 52.68 0.59 8.53 6.50 9.36  930
731 61.83 41.57 50.00 8.14 1.62 1.15  667
965 64.77 60.00 50.00 9.46 8.31 1.86  340
503 29.30 35.47 50.00 1.45 5.27 1.14  1618
1449 13.15 21.03 38.45 1.37 2.59 1.77  1514
116 70.00 3.62 50.00 5.08 9.60 6.82  903
67 70.00 39.01 50.00 5.36 6.60 5.09  399
1757 18.40 60.00 23.91 9.53 1.72 7.81  1186
319 39.58 9.50 44.45 8.97 10.00 0.11  823
689 5.68 28.65 50.00 4.96 5.63 0.61  548
1811 70.00 47.50 23.77 1.67 4.51 0.80  583
1104 66.41 43.59 50.00 3.85 4.90 8.25  1978
998 70.00 6.90 50.00 2.43 0.98 5.75  1105
2006 70.00 44.32 39.23 4.08 4.57 1.56  41
1563 58.33 60.00 2.23 5.38 4.00 9.69  845
636 5.75 6.63 27.17 7.79 3.35 5.84  1000
885 29.33 42.08 8.06 9.67 2.79 9.01  1864
1859 57.11 32.12 50.00 0.41 0.77 6.92  814
137 70.00 54.64 50.00 8.88 0.39 2.97  1623
12 70.00 21.49 50.00 1.04 2.98 2.84  493
974 51.90 60.00 15.79 8.87 1.02 7.72  1840
