804 55.7798 25.5596 55.7985 6.8349 2.8059 7.2149 gfvdkwvau 4
1832 72.0734 3.0138 24.9212 7.8342 7.0015 3.7622 aaondupblsj 1333
274 56.0459 72.9495 45.0513 3.6700 9.4222 2.5962 hiktaodasy 191
665 23.5413 15.7156 48.3700 6.2350 7.4814 7.2973 fbsbiiftsnnso 648
193 55.7462 66.5229 3.0824 2.0818 5.3330 6.8373 vwjlbqojvwgn 687
113 92.0214 18.7431 52.4542 1.3260 7.5458 4.7418 kvdsgzrgjklwc 1427
1996 40.6605 23.7294 24.2271 5.8465 8.7054 3.8553 bdtweuwapcvncb 847
977 18.6147 52.8440 3.3553 5.5009 9.4429 5.4759 lkakqbrhoqf 404
1408 29.6606 10.5940 1.7381 5.3416 2.2259 5.9664 bqbqqbyt 1093
1867 24.0795 3.6239 35.7161 5.0354 1.5479 2.0879 mzxjctnugtes 1021
304 65.4679 3.7156 38.8022 1.4927 1.4106 8.6432 hnokfwqgynhdf 594
1583 50.7064 34.0688 6.0293 6.8523 4.9542 0.1422 dgukxmakjls 1830
405 99.6055 30.1835 38.0751 8.0159 3.2961 8.1206 xpzcahiu 430
1276 91.0122 48.9977 46.7949 4.5733 8.6706 2.3321 acxjflxceata 987
1984 65.8349 54.9450 25.6813 9.5171 0.3574 4.9267 idwatamnkeiubm 1064
831 97.2355 58.1514 34.9689 2.1148 6.3239 6.0214 sqxfpkrlsoxnv 712
315 46.5872 36.9908 5.1136 6.0327 5.4774 3.3291 voozxsujmps 986
1611 69.2630 74.3372 26.0879 2.3400 9.2216 6.9921 osipuyjo 1322
1222 51.9939 14.0413 22.3315 2.9915 8.4139 2.7946 jwjmegyxr 425
1086 89.8471 47.9702 17.9634 9.9753 5.6807 7.1786 tflhwkqj 451
1380 66.4954 0.9427 41.3297 0.7930 8.7418 4.1548 rgusjqsmpb 1555
1639 84.7920 18.8784 35.9176 8.2329 5.7995 6.4319 dsihqvguyzrvln 321
163 78.6667 22.0550 48.2253 1.3434 0.7402 1.4493 oazxggtmvcnrgw 2023
1587 94.9817 48.7775 10.2070 3.7121 5.4908 4.2613 etfbkkajzsvu 1365
111 15.3028 60.8211 48.0751 1.2317 8.6694 1.7170 yiqzddquwhww 1822
1475 11.6667 20.4564 4.6190 0.2824 5.0928 3.2027 vooggtudmpw 1316
1858 61.4862 26.2798 0.4359 4.0861 2.3117 0.4499 rwftmsubont 916
415 22.5994 9.9220 49.5604 6.2509 7.2039 7.2940 vapoqlmqh 3
42 71.4557 1.5046 4.1740 9.1722 9.1221 1.4420 xwibccihaabi 1128
291 88.2263 34.3830 31.9652 6.2005 7.0479 3.2817 bruhwlgepj 97
1002 88.3700 47.2913 56.6905 0.8404 6.5952 7.3776 rnyaysonnf 1731
1014 99.9450 24.6835 54.5952 5.9005 7.7360 4.9713 ssaauhzw 598
584 81.6789 40.1170 25.5751 5.1728 3.4426 3.1929 dgyqjxrdqfvsj 675
284 4.4679 36.0573 16.2674 1.6990 3.5876 8.6654 ygllovdfydtqli 461
953 20.2355 15.7477 8.5733 7.3196 6.3788 9.1071 mctdhopiodqdnd 1359
1341 90.5749 11.3005 41.1081 1.2781 8.4744 6.4100 dtwbrbaqmuju 1605
1195 17.0826 15.8624 48.1685 7.0653 7.6416 5.4890 blxooakhorrmfd 1735
1614 77.5872 34.6972 34.1136 6.6099 4.0748 9.7411 blxljzckud 759
513 31.3731 50.2844 58.6429 1.9322 2.6661 8.8956 vltfjnyocmc 804
2026 98.8930 35.3005 2.5916 8.8260 6.4860 6.2616 kawcndccx 1221
1706 8.2844 53.1697 2.0659 8.3263 3.9698 8.4930 eqbnmimpqa 922
653 65.7523 64.8784 53.0421 4.6554 9.6893 0.8929 vursfeddfykok 1696
1483 82.1651 56.2248 3.8480 2.7540 2.5684 6.4438 ojrjvksmmz 113
1378 38.5199 30.7523 30.3919 1.3446 2.6227 9.1554 zopjavso 547
1177 81.6606 18.3739 55.4121 8.5238 8.3712 5.4530 dujffahswsy 1076
829 38.7034 59.6376 48.0165 7.8810 3.9234 7.7653 kgmckubjmosdz 1747
951 74.6697 42.5252 59.1319 9.4841 2.1371 3.1404 xbsjmlitt 1452
1357 3.5076 45.3739 19.0604 1.0366 6.2085 4.3831 uffdwxtywrzgd 1772
732 69.6024 12.8876 55.6026 2.9902 0.1850 7.2970 ailqvofaoy 627
1319 57.7859 72.4656 2.2051 1.6264 1.3913 9.6038 dpzfwtclz 253
908 86.6911 36.6628 3.5659 0.1242 5.0833 9.6700 qeklkzaqsrj 741
502 23.6269 67.7775 12.7436 5.4191 0.9878 6.7924 ixuasatfjvew 888
443 17.3058 49.7844 26.5110 3.9310 7.6114 0.0443 brftrfzssod 1616
1536 77.7339 0.4014 22.7546 1.0266 2.1032 5.1612 ncygymtpefaznk 1908
1184 29.8379 17.8693 22.9524 7.0684 3.3025 8.1621 hpehelrptt 1241
7 39.8471 35.6583 57.9780 9.6108 2.0519 4.7845 cqsxmuzolob 1542
1842 55.8257 29.3693 9.4212 0.1297 7.2885 9.7598 jwltjqbase 1847
989 29.5046 27.0894 52.0568 4.9316 3.4301 5.5629 owedtunqxos 2004
109 31.1835 26.0894 51.2363 2.2314 0.1670 6.0974 ctquqpfotggp 1401
978 84.3394 60.2408 18.6374 3.3919 8.3849 1.4029 uwjxxwkltohsjw 31
22 63.9725 39.6239 25.9689 7.4771 1.5134 4.6786 jccmzplzd 1103
1772 93.5291 36.1307 5.3150 8.2158 6.9304 2.5723 tdtqhiab 125
1666 82.2966 40.3050 24.4451 5.9997 2.4988 4.1224 jmyqqmyhhtgzx 1262
624 98.1865 37.8532 18.7894 6.5031 0.7521 9.4133 kueojsnsno 1376
1455 92.9052 67.8647 11.2198 7.4597 1.4734 9.2750 niwcsvlhhiboaq 1904
1419 20.4190 40.3670 54.9982 8.4063 2.2219 5.7247 uazofchuc 730
291 54.9235 9.1032 10.0366 9.5928 2.1712 4.9866 vgbmmybipjepxr 901
252 72.6483 36.7225 48.7564 0.5730 9.6258 6.3172 ccghezbsyrog 1370
281 72.2477 51.3372 15.0238 5.8559 9.9509 9.8639 nxxohkcjrd 1543
1830 13.6789 27.6583 32.5275 7.5601 5.1056 6.7244 rilpudjct 1132
1468 29.9480 2.9289 44.7125 5.5986 3.2875 5.7732 rppenjbymyqxao 1355
21 47.3242 28.6193 0.3022 1.1828 2.7741 0.2677 qtvvvgkeviecj 1580
432 72.2416 29.5367 39.6777 8.7735 1.9374 6.5055 whveepkfg 296
1533 27.3333 66.3509 8.3462 5.3346 2.0904 4.5833 wdzaisgd 680
142 34.7492 44.1147 23.9451 6.3352 5.8504 0.6258 lhcriqqbo 156
1531 49.8257 52.8280 46.5531 8.4325 7.3010 2.7842 zkvhynblfzp 1513
1980 41.5749 48.3096 52.0952 8.2396 6.6206 0.8544 wdvvirpm 238
1061 93.1743 48.0115 0.4817 4.1856 8.5617 9.9118 axixzhjzjbx 481
1708 37.4893 35.1468 16.3956 4.7186 1.8810 6.1523 fvzbfapcdbb 925
1411 11.3425 58.4656 51.9542 9.4948 5.7134 9.2176 zevavfaxmam 618
152 94.9664 29.4564 18.6227 4.5400 9.1108 4.6551 nahhveqnroudp 616
1018 33.7064 60.9335 32.5293 2.6331 2.7192 1.7964 ongxlzbg 1522
1446 95.0856 17.6124 26.1355 7.3562 4.9191 6.6746 euxxhndeyefmvv 682
1046 43.3456 61.7087 28.3755 1.5827 0.7985 2.9164 plvmzvyvempix 312
1456 69.7584 7.4679 20.6044 7.4777 5.4301 8.5614 sncnnzmytxncu 1570
65 73.2018 20.4289 51.5714 7.5324 2.5366 5.7433 ezlxmhptazz 693
1048 0.3119 54.9564 55.9945 4.5189 8.8272 1.5528 yppkjlqw 996
1294 7.5199 14.2362 22.6081 8.7643 8.9432 4.0311 nbrjhellsfpxj 407
881 26.8563 45.2041 58.7381 3.7369 9.1484 5.9902 gvwborocf 854
1096 1.4343 0.3486 26.7088 1.2766 7.8672 6.0528 erfblgqof 1426
602 28.2477 46.6628 35.0586 6.7103 6.8608 1.7363 clvjgsxmwo 710
1184 66.8502 19.4633 11.0092 1.0391 6.5821 8.8587 hsxofayscxzc 2028
389 14.3700 4.7294 24.4689 2.5665 3.1023 1.6752 rksikliqh 1599
51 5.9144 42.1743 38.8242 4.9023 4.9246 1.1392 jlhuklqhufuukg 1118
1687 23.2477 44.6216 43.5366 2.4881 6.9295 7.7353 esjhhzvo 1598
155 47.7187 67.4128 46.9872 9.1825 9.5143 0.7079 chjmhxdfr 1932
407 67.9052 63.3578 46.5897 6.9335 4.6804 9.6151 wxrdgktd 1631
441 25.4648 59.3716 22.0696 2.9771 5.3242 5.1844 idfqyauxs 647
898 29.9297 26.5069 37.9414 7.2631 3.9768 6.2121 wqovbzjb 958
319 2.3242 75.0826 36.7784 3.6969 9.7024 8.2176 ndvjreupx 1098
1488 68.5535 46.7661 10.8864 2.3584 8.0479 0.0907 sueechlegvrt 611
1444 39.5260 41.3509 47.9762 1.2738 6.8458 4.5681 xorbbeqjzd 148
1272 9.9419 72.6904 49.9396 7.7195 5.4390 7.3788 zbxllvraaiiq 93
100 1.7645 4.4541 49.3974 1.4112 9.3034 2.0171 qgzdlxpfow 614
1122 31.6636 47.4977 21.3718 0.6242 1.8013 0.4896 hhgpofrbn 1245
559 50.0000 47.3578 32.4835 3.1148 8.1310 2.5391 ahbzotgosa 1343
447 44.3395 51.8440 1.7912 1.5864 0.6957 0.3684 mpvpekgakae 1230
309 45.9358 18.2225 56.0842 8.0791 6.5818 5.7491 gyirfrzx 636
340 46.6483 24.9266 0.8004 0.5186 5.4753 9.5409 cercmizsr 1915
1713 65.6239 44.3417 56.8462 5.3529 4.4924 0.5342 vcbmtzgno 542
1450 66.4128 62.3647 51.7125 7.4274 0.4756 8.8028 ipezjrif 1923
1730 24.5199 69.6628 5.1081 0.4588 3.4100 2.3046 htqjfajfpbpd 143
973 40.0520 28.3303 18.9982 2.8260 3.3092 9.7201 nszxtmca 1552
165 48.1804 56.1605 2.7033 9.9200 7.0290 9.5992 ecylbbhwmu 1314
871 23.7278 58.3784 11.9579 4.1142 7.1279 3.6911 yrqkjznq 1323
934 14.0306 14.0344 27.5110 6.3260 9.0379 1.2817 ohacrsjbuvb 485
43 85.2630 16.7271 26.7619 1.7411 8.7695 7.4915 mnyyozpgkpvko 1765
630 30.3639 1.7248 52.3150 1.8718 2.2134 0.3324 mvczwilt 608
293 15.3089 57.7729 13.2418 4.7305 1.7125 5.9222 winmelwtkrq 1159
249 43.4771 13.7064 59.2143 5.7906 9.8107 8.5531 xdmvdicfhgiz 346
1049 28.1896 15.3211 43.7491 9.9017 8.1999 6.0543 zewxrqkv 1997
1080 63.9511 65.2821 34.1154 9.8956 4.1798 4.8364 mcurybxn 1812
1901 0.0122 37.4151 58.0879 4.5287 8.8623 5.4548 kqyhytplgud 1956
1762 14.4404 69.7408 55.4377 2.4426 9.5488 3.9011 fhynqqfju 555
1516 54.1498 33.0940 18.2930 9.2070 7.0977 0.3025 fqitehrjuvs 577
659 7.6728 74.5115 4.7674 0.1542 6.8498 9.0308 spscrqekfihp 58
1361 24.9144 11.1216 36.5861 7.6709 5.3013 9.4618 jjdmvhjgz 1072
1271 10.4557 30.4083 22.8370 7.6954 0.2424 7.6774 cclbqiplury 1866
1151 63.4159 30.4679 47.3938 4.6468 7.4060 8.6841 tanpsxhapdyo 531
1068 15.9633 7.3303 47.8681 9.5067 8.1255 8.8489 lghdqiozh 1083
329 68.7248 71.9725 7.6410 2.4191 3.0305 6.5690 ndzmsrnifzb 1721
1197 78.1346 36.6743 25.0293 6.7894 7.7836 2.3709 imhjcodkzpriam 1925
215 81.9174 38.0183 54.8498 3.2906 9.2857 1.6227 lftyraapaajpcj 1766
437 34.4434 27.9014 0.0916 8.9151 3.3153 8.7100 ipmoweymowsn 1965
494 48.2416 67.7706 38.6740 9.4838 3.0525 9.4121 enqozwvyz 2026
1061 15.5260 49.5344 47.1227 9.9090 2.3742 0.0876 bcuzasaclkd 1164
1742 75.5902 38.7018 35.8645 5.6395 5.7958 1.2463 atstyvgdesf 315
249 65.1376 68.3578 25.6300 3.1023 9.9921 5.7079 mdoaxonjsme 1503
1501 84.8868 44.0917 6.9963 3.1774 0.6102 2.6606 xfjamvaxbojp 928
902 53.9388 72.6789 54.9231 6.8165 8.3742 1.8230 lkuxekspg 955
1528 92.1621 15.2179 26.1154 1.5345 3.9267 2.0302 mttyfaqognzr 1110
1821 8.3853 62.4060 49.0696 7.3071 1.4423 7.9676 rgsvckzdgweq 1630
1532 76.2844 71.5390 36.1319 0.1239 7.8718 8.7451 hahfnmihw 1052
811 62.6881 15.9748 14.4194 8.4759 3.1835 9.4979 cupcimlye 1837
24 0.7462 0.4587 3.3791 7.8095 0.4096 7.1151 golqzvbopgw 1166
591 42.7615 20.5505 47.8004 7.1032 0.9557 0.5900 htmcpnarwyzjlz 328
353 72.8104 65.5115 49.8681 5.1447 4.9771 8.4139 moqqinvgjlmp 266
1261 66.8899 61.6950 27.1886 4.0668 9.9371 6.6822 fexsutdwey 1246
1617 53.6177 6.5734 19.9982 9.8492 5.7589 9.9402 dfvqwegnn 976
1838 49.3058 0.9381 54.3333 2.2405 4.0610 7.6508 nvvtpdcpbxqil 129
1571 2.9755 18.8899 17.5201 9.0485 5.4283 8.3736 rdnyryusbxc 735
1718 8.4404 28.0275 47.2271 6.8706 3.6163 8.9609 zzwerdvjosy 8
603 37.4893 46.3440 54.1117 4.2821 4.9585 5.9060 vryxxmnu 1141
544 43.5199 67.4473 9.1465 0.4179 0.9612 3.6401 bzliscxcmmzcwr 104
1608 47.2416 53.4450 33.3352 8.0113 6.7063 3.1453 ddfoscwosm 1535
177 37.1743 19.7844 55.0293 7.4145 5.3462 9.8434 gijrywwlvjeufx 1878
1283 42.3700 47.2683 57.9506 4.9689 8.2711 3.7424 zbfckwhw 906
234 21.1682 63.5482 54.8700 1.9307 6.3352 2.8504 ocufdcinltre 1859
1053 3.6942 33.9564 3.1117 9.2186 2.0952 3.3605 xjsdxfqmkcdp 1819
1349 63.9847 34.1239 34.4121 7.3626 4.4844 3.1938 vvbtyqie 513
1830 14.0428 22.3830 51.2454 9.4667 0.5534 1.2640 tukcdrtcbsq 1195
1191 79.0826 45.1032 32.1026 1.1404 8.6697 0.0809 wftplspwsgyhlm 1215
1323 47.4006 29.7408 1.4084 2.4618 4.6340 7.6572 maobgdrhe 331
1328 63.3364 59.6078 27.7363 2.5507 3.2613 8.1047 aljljxpmqihuit 1723
1654 16.0183 72.7110 17.8407 8.1810 2.5754 5.2173 blwttwlebspuai 1407
133 18.6636 73.3119 27.9359 5.7005 6.3501 1.1459 mlhrgfzppmu 2006
1818 24.4587 14.7913 52.1630 2.3916 9.1264 0.3837 cfxdnwimldiof 1297
1515 57.3609 65.0550 35.1337 8.6325 3.6105 7.1273 cecvnxmmay 1777
833 70.5138 59.2798 53.7234 3.3819 2.7149 9.8868 ghwzhvyafki 214
1390 94.9327 60.6376 17.3700 9.4652 2.6697 6.5949 eydtxfshbs 956
1453 83.3578 16.0688 36.0311 1.0833 3.1596 2.3031 czhsdkqkcghygr 1645
1191 66.4679 63.6651 33.3864 7.7393 0.8962 3.8483 eabzzqnatzhd 949
127 1.1621 22.7592 44.4469 0.2665 2.5296 4.1664 rolotuzcz 670
1766 14.4985 24.3922 28.5348 0.0336 6.9496 7.0958 guuyifltcobcc 285
1324 85.2783 2.9817 37.6245 5.6432 3.0760 6.4454 gucynibofuwndm 1217
1054 60.9358 24.6491 0.1081 9.6410 4.2305 0.6996 mbyuomvwg 554
858 51.0000 61.2775 40.3223 7.2585 4.6001 1.7805 dovfkobk 1930
348 49.8135 12.8028 12.2070 6.8690 3.9551 3.9237 nbuddkdbjx 1835
103 94.9327 51.2500 35.5311 0.5021 5.7998 6.3449 evkzfaxdk 394
1909 98.2630 43.3486 38.8260 5.7921 8.0464 2.9689 ufvjlndkqztjy 205
905 93.0092 68.0688 7.2161 7.7311 6.0952 4.3208 nxojzekew 839
1586 70.4037 58.2661 6.3297 0.8901 8.8199 2.9737 pupkmrbg 983
1451 95.0031 74.1422 28.4945 9.1291 2.4969 8.8269 ofpjafxwkhoh 2027
120 79.4128 15.9358 10.4835 9.7451 4.6389 9.9310 kcyhsfkaml 725
420 10.4954 68.7454 1.3095 0.3553 6.5037 1.8107 ejgucaqzecakyn 1858
1463 57.8440 23.8532 16.0806 1.5491 9.6181 5.7527 fnksgomtrtse 1709
462 23.3242 30.0780 40.7253 4.7891 4.9911 8.5198 ywpjigowlopxvr 1895
868 10.2569 56.4427 27.2912 2.3263 2.3526 9.0522 viwqhubium 447
1215 66.6850 56.7041 45.7821 0.2427 2.9573 0.4857 fahyrtctof 1410
852 9.4924 73.5573 20.1502 2.2488 4.8239 5.7750 leltsdtqozslyx 121
1187 79.5413 49.9105 19.5220 5.1163 0.8544 6.3074 epplqsckurxcrv 625
1669 0.9083 0.3028 14.1209 5.0656 9.0904 4.2024 sdmuxdlnaluc 1454
1162 32.8838 66.4656 37.6136 8.0668 1.5955 2.4536 mizweunlqwglv 1979
1071 92.1804 54.0688 3.8846 0.0977 7.8138 3.8159 bbxqnjvgsjqt 1905
1562 95.6911 40.0482 28.3700 0.1026 8.1505 8.8874 lltqfroni 443
2032 87.5658 58.8739 53.5000 0.2491 5.8425 3.8004 syrdexvlbxgbp 1889
306 3.1407 59.8853 42.7326 9.3690 8.3977 6.9451 whefkmkctmikeh 0
1153 53.1254 21.6720 9.8846 0.9167 5.5943 0.4420 omszkqua 1065
1845 21.7492 8.4908 28.5018 8.2619 5.7146 1.6245 meidbkddziy 504
1926 11.4832 67.2913 19.4524 1.1056 9.9426 9.8391 mucgywtxf 509
1612 61.4251 64.3670 47.3883 1.2338 7.9206 7.8297 dktxnhnglsld 587
996 51.9694 51.7729 46.6612 5.4301 3.9789 9.2711 djimmsgvkpu 702
1585 19.9664 68.6720 12.2198 0.5962 9.9728 1.9118 admqlrezpqa 992
1938 41.7125 66.4656 36.1777 0.5003 2.6844 3.7247 rehpqxyuewevs 849
510 25.7064 62.8716 4.0916 8.5116 3.4008 7.0965 bhkjtccq 623
1224 17.2936 61.5046 25.9982 7.5882 6.3602 9.3745 admcuavglocqm 1928
260 14.4954 15.4266 21.0092 7.1230 4.1664 5.1835 gvbfvhhuock 718
572 70.2324 37.3922 26.8022 1.6175 1.0589 9.8904 ewkjxokwgyo 629
1455 42.4342 74.9128 20.2161 6.7576 6.6273 8.9710 ggtolcyyzkmzf 309
1904 92.3119 37.5963 49.7491 0.9612 8.2885 0.3059 uajimsyn 1668
1420 96.1376 58.3647 31.5256 5.5583 0.9884 0.8031 cmkqhhbfivhh 161
1543 70.2538 25.4702 8.1923 9.0476 8.2271 3.0620 amuuuyobo 902
378 49.1896 3.3991 27.2015 4.1371 1.0342 4.3642 hyfgkzja 146
1170 74.7492 47.1583 16.4231 4.1380 5.0391 8.1499 tdhavnyrh 1299
665 25.3914 51.6950 22.7051 6.9423 4.5113 0.0119 bashpsdmfhufr 540
1967 48.2263 51.2477 57.2216 3.7161 2.4631 0.1981 kvwhzssddur 1547
1955 81.4495 62.3280 38.7674 9.4112 6.4737 0.3504 smcrslwje 11
2032 14.8104 47.8073 8.5458 1.0476 4.3599 6.0247 kimbmbhali 2017
288 35.2905 8.3188 27.0275 7.8126 2.3761 3.0946 bttbzznhnse 1817
916 75.0734 68.2821 44.1227 0.1178 9.2592 2.9609 mbvugnekcsfnro 134
344 42.5229 7.4358 36.0476 8.2326 9.0580 4.3422 lpxgrazvnrhj 311
1837 76.6422 2.0642 11.0659 7.1911 1.5708 7.5363 nxoijjtdwkpz 1321
208 74.9174 63.8853 59.0788 3.6648 4.1847 7.9860 osepvfxdrtoxd 2014
1272 30.3333 40.9266 38.7857 9.2512 6.2237 1.7039 hecoqdkelsqyma 1665
489 10.7064 13.9266 47.8645 4.9380 4.5614 7.6593 hitweuhekd 1888
1288 23.4281 11.8968 1.7051 7.6560 9.2280 6.5421 hjdbkydiwuj 220
1864 95.9450 48.2018 24.5128 3.3678 7.0031 7.4838 wkoslsztthomrv 1033
1365 45.6024 26.9702 45.2802 5.7128 5.5418 6.9109 jzgkhkjpbkzrs 615
465 3.3333 70.6468 4.2088 2.0076 8.7869 8.1902 vxslwxgn 858
1367 39.0673 1.2592 43.7381 7.9145 8.5073 1.7219 adpzrnzveq 979
1339 26.1957 61.3968 42.6923 9.2167 3.9405 7.2711 brqtaoojt 1852
517 78.3823 37.2913 30.4799 2.4173 3.6099 8.9921 plgtewshv 512
1723 71.3976 58.4220 51.1850 4.3895 3.3309 6.8138 ggkihjxxgxy 247
494 39.8593 15.3257 41.8114 3.2918 4.5391 9.3675 tulylsjbhx 1157
170 28.3609 32.7110 25.8059 2.3190 6.7369 1.9139 koriklmqbgpzyj 187
638 3.6269 8.4014 42.3571 1.3217 2.5818 2.4170 jmzllkmjd 1411
461 45.2110 12.3096 5.2527 0.8706 0.2179 7.2824 sgnraqbperkva 498
1216 91.0275 63.0505 51.5824 8.0791 2.8364 2.8156 mzmilzxkgwyljx 343
1935 88.7920 35.0940 28.0018 8.0189 8.2784 1.0495 rzzvmecwbiricr 1222
1380 56.9786 35.8372 3.4707 3.6355 3.4930 5.0971 twxcvxnnab 831
376 5.1682 29.9725 15.3700 9.7039 3.8031 4.2451 fvwaybysjpbp 2011
1904 83.6269 45.5895 23.5659 0.1905 9.0299 2.0125 aqphimpykiae 1984
545 35.4954 9.8440 27.2875 0.9902 6.0027 2.9216 ecdbcctkx 185
1706 10.7309 1.7339 55.4799 7.9402 5.6520 8.9423 ckawtvyh 619
10 96.7125 2.2661 30.5879 0.6270 3.3984 9.1111 dqjfhtvx 1983
1176 84.1437 50.0963 52.0696 2.3599 9.0876 1.5794 eqaddfyz 1664
6 32.3028 73.2890 53.5897 4.7720 2.1203 7.4795 creddntr 1691
1291 22.9878 22.2408 19.9799 9.6551 1.9902 2.5684 aehvvjcudfb 1726
1095 62.0459 56.2110 21.7070 0.5412 5.0714 8.4182 diygolecq 1676
768 13.3364 48.2775 9.5586 5.7387 2.2204 0.8684 kpgrhdwj 981
1954 42.9908 59.7110 45.9158 5.3379 1.5836 6.2082 mzgqbxdvrw 1856
282 37.9327 21.3761 51.7656 0.2888 5.0623 2.0675 vmcdbxrp 1841
1347 13.7003 7.5550 54.8700 4.9457 6.0293 4.4274 bkyiftgnaixjfr 120
1810 66.7003 30.7752 57.4377 6.8999 3.6459 4.4295 svsjjoeqtys 317
716 15.8226 73.7339 51.9066 3.4741 3.7518 0.8913 rkhbipxtuhnfda 1349
1054 76.3914 7.2798 29.5641 9.9243 3.3648 0.7662 ltuylqhfhenx 207
1730 16.7676 65.9174 5.2051 2.3834 0.0418 2.5983 wumgrekenllyp 927
695 32.0153 67.7041 13.4176 4.1502 9.3938 6.3132 wutmblizufrqy 1738
41 83.9541 30.0321 32.7234 5.5931 8.6816 8.4838 hkxzmklnwize 409
264 98.3945 33.8922 0.4231 1.3281 2.6893 3.9438 jvmgjebj 722
1883 4.8257 37.5275 48.8883 4.0675 7.3452 5.6493 kurfhemiyptqc 1269
2033 18.6422 48.7500 26.6264 4.0980 0.3571 6.6728 bidgsobgojhpcg 1169
1126 27.0031 28.6858 6.5733 7.6957 3.9869 4.2708 bctyugnkiywuoe 1693
1466 73.3700 71.1789 2.9725 9.2149 2.1728 9.4191 kdnjrjmisl 1851
1438 1.3731 20.0688 41.3059 5.8523 7.4332 8.8880 ptbfklrna 746
1633 52.6086 21.1491 0.5220 4.4060 7.7866 4.0788 ceqhugzpmdh 1303
669 95.0122 70.1491 33.8736 2.1664 3.2082 0.5488 wzirigpaufhna 653
1765 41.9205 44.6124 25.3645 2.9829 9.7482 9.9548 kiuhpqwlzzk 1829
1410 67.4771 60.1881 59.9872 4.7701 8.2268 6.4997 pasxwemvggyxe 37
10 50.0306 52.2041 34.7674 3.6813 7.3547 2.0003 cgyoxrnz 1843
1815 35.1162 56.3119 57.1795 2.0965 1.6071 2.9496 oqcnunqb 1907
1208 3.2477 41.5436 43.5055 6.4820 6.6661 8.4219 qfzmdrctidj 272
850 47.6055 39.5344 39.9487 7.3037 0.0031 3.4826 icgedhtc 261
1408 27.9419 8.5826 46.2271 4.4270 4.0675 2.8779 ahpijbsamnej 391
953 25.5199 9.5252 59.1355 2.7952 0.3571 1.6401 ktxhwtymfaefve 1967
679 13.3180 43.3119 55.1941 3.1419 5.8080 1.6477 rvbhyvadlsnu 1594
1375 37.4893 40.6560 59.9139 1.5745 7.5687 2.9106 jgcinimduaoc 2038
1489 60.8807 57.9541 0.0842 10.0009 5.1389 8.2366 ciqnqkgxntk 1673
333 56.4098 28.1583 11.4176 5.2134 5.0409 9.5812 srvghvjfh 1528
125 27.2569 7.4243 55.7564 9.9869 3.4322 3.9014 fhqzhsdweu 1745
445 42.6789 53.6743 47.2839 0.6636 9.0638 3.2137 drvjlzdiw 1202
603 42.7248 30.5298 51.5147 1.5049 3.0403 8.2647 wwqouxvymcqxcu 38
1270 59.5199 60.8601 17.8974 0.9377 9.4008 5.0034 ynwqptdp 1573
1807 71.5321 34.4587 50.8498 8.9020 9.0809 5.9304 dhzmcbekyyx 66
311 52.2141 26.5849 40.2253 9.2125 4.8968 5.1740 xzcqoxyeq 522
736 64.8807 24.3303 48.4231 5.5821 5.9283 9.3165 bfwjxrqkjqttm 770
1283 31.6086 70.2638 5.0220 3.4676 0.2854 0.3376 tzwhrppwmzqvt 1115
1720 78.8777 16.0413 52.0238 8.6554 3.3040 0.5168 eldkbjly 709
1236 98.4098 21.9839 14.7637 0.5177 5.1969 3.3065 hejseyhkrlit 1123
513 67.3303 15.9679 36.2546 8.9860 7.6053 2.7460 dyvexbauek 639
1134 48.5382 67.0642 22.7436 5.4286 4.7344 4.7347 oddrpshkuj 1688
497 71.8318 1.6789 30.6831 6.0522 7.9289 0.4750 qqvumdyz 1296
1814 24.0336 55.1101 55.2070 6.3248 9.2372 1.3318 nhgahxgozy 507
1660 74.7125 34.0734 15.0879 0.9417 4.2329 3.5412 zzrigeeikeqjs 135
48 16.5199 59.1078 28.9084 6.4509 5.0998 2.3898 kjoymqvkbb 1328
564 27.8349 4.3876 16.0952 9.7057 8.5006 0.0116 zqhfubogqbau 1329
1603 30.9939 52.4105 55.8315 6.4402 5.2708 6.4112 dihwyyguskq 1446
337 74.8287 9.9197 49.8974 9.1902 9.9683 2.1639 ptzvfgljs 201
1482 59.2080 72.8578 40.3919 1.3666 3.2030 3.8697 orkgxaccwtwsw 51
382 11.4465 31.9564 13.0201 4.8266 3.6487 5.4216 lheknqyxiqhsmy 1320
243 28.2875 31.5963 32.1960 0.4368 4.2256 1.8346 hbywcuspe 753
1314 49.9755 35.6995 4.4322 0.6346 8.6993 8.0690 fvjnhzrx 1459
1576 84.5872 66.3670 3.9725 3.4386 9.4206 2.5980 aspascbhwxl 1445
1689 6.9694 40.8440 44.6209 2.5061 1.0220 6.0214 wzbaapyagpmu 1962
539 55.8104 40.5390 49.9835 8.5800 5.6661 2.8721 uddskjucgqum 1977
1797 20.2538 69.8211 59.6392 2.6020 4.1044 8.3013 pomiqxrhnuqs 1957
1063 31.5443 41.4633 30.2399 2.2772 7.6389 3.7161 pykjcwjrpip 1886
1670 36.9878 73.4151 56.2582 1.8883 4.4924 1.2882 uhnfowbebp 417
1505 2.2324 31.1376 9.5495 4.1642 9.4893 5.4325 mwwpqayawexefb 204
1290 7.9694 45.1766 26.7216 5.5586 5.1853 9.6477 qbgekrbcetbqz 2013
521 41.5168 23.9495 43.3993 1.1731 2.0473 7.4869 dhqirxszdt 183
309 0.0459 50.0872 45.8553 8.7042 2.3132 5.1227 pplctmja 1739
1141 91.8257 32.1720 34.4908 4.5006 1.7741 2.2579 btksatvr 565
695 82.8960 20.9702 56.1575 3.2991 9.4741 7.7463 uzhzhmiykdp 865
1278 50.9908 69.2156 30.4066 3.4988 6.6694 4.4396 rqzfduhydb 1259
970 13.4985 3.1445 36.3791 8.5784 0.9359 3.1670 euwdsdchcj 1300
1067 57.8318 45.7936 21.9927 2.6667 8.2460 6.3251 hoansmdtvtwhhm 1088
1970 96.8960 56.3991 32.5897 1.5064 1.1084 1.6142 nkthhnccmcdu 1315
544 54.3303 37.2362 2.3370 2.8806 3.5803 4.4466 trsggpovnkab 765
1735 93.4434 73.5069 16.0696 8.5772 4.1447 4.1477 besqgvyeaui 1273
29 80.6330 31.6124 3.4982 7.2698 3.7411 6.1285 otlcxvhf 1163
234 69.3547 48.0849 16.8077 0.6233 5.9698 7.0220 ebjoplqc 1178
1034 31.7554 45.8853 11.2051 6.8373 0.7756 6.9011 bzwdrcpr 989
570 57.9755 5.0298 2.1227 5.3965 2.2112 1.1410 asdulovoao 1253
1160 5.3517 4.2615 53.5055 2.3697 1.1856 2.5611 sppivjtno 240
102 30.2263 36.1835 45.0385 3.9820 1.0259 7.1429 fsispwxqvhrwlo 550
1108 90.4251 68.9060 55.2949 8.5470 5.5864 4.2036 xmseghfsxr 1632
1606 89.0306 12.9014 53.3645 3.6627 0.7692 3.7317 pgiiihsdxviggc 237
1593 17.3639 7.2431 14.6886 4.7836 8.4551 2.0574 abwrxnsvubne 668
1044 81.7339 18.6124 26.3480 7.1218 0.1413 3.9432 bxewznatx 420
54 13.8960 38.3968 36.2033 6.4618 4.5995 5.7405 wzkszrnga 1044
577 33.2263 55.1170 27.5238 2.7576 4.0708 6.9744 lusrfyoupz 1746
1592 92.0183 63.9771 57.7161 0.9182 6.5855 5.6905 vqicddbo 626
1990 86.8257 3.8257 28.8425 9.2415 3.4683 8.7216 omdzxgij 2034
907 70.6239 45.5000 20.7454 6.4362 6.0357 4.5247 vcvfrnbbquk 490
166 81.5260 59.9908 48.9396 5.6242 2.3245 8.1203 dkrhwwzsbikmj 381
1779 94.3456 19.2431 3.3791 0.3629 7.7891 8.9164 yesvagjiih 1937
675 45.9541 17.9128 15.0806 2.7121 2.6520 5.2393 zwwuyqvzttyzat 16
382 72.1376 45.0895 10.6777 6.0565 5.4866 3.7158 inhakowitsenj 660
529 6.2661 17.6032 41.9524 7.9768 7.8175 7.0308 rdpppketnxwe 428
1077 49.6361 48.3303 45.8132 8.3935 6.6667 1.6520 mdoyivccmudzdj 483
1104 69.3425 44.9197 37.5494 1.6023 9.0290 3.9057 vifwbsvu 707
1555 34.7706 10.9587 13.5476 5.8739 0.9805 5.1795 opfjlopmys 1035
1443 96.4342 7.9679 15.9908 1.3605 9.4731 1.2189 fjewtfvtpvds 1255
796 55.6300 18.4725 24.2198 4.5879 3.0974 3.3800 qgoqoksadrpol 637
518 4.1560 67.1399 14.6245 5.1306 6.9850 0.4158 uqizsksej 600
2013 36.7554 22.4450 37.7106 7.2158 8.3031 7.2888 oohffwhnmrewtj 406
229 67.8471 50.8647 57.7436 8.5073 0.5717 1.4625 ybanrmogc 388
854 58.7156 58.1904 1.9139 9.7647 0.2216 2.9362 apntewvzaylq 1661
2022 28.7523 33.9037 37.8828 7.0079 9.6975 7.3123 dawpshuhfhgatl 1049
1292 19.1865 26.5206 24.6154 1.2619 2.4893 4.1511 jgfv gqixnlx 228
1418 91.2018 0.4243 36.0293 4.3834 9.3025 8.9118 gcxvmaxb 1026
1755 67.1468 68.1376 20.2766 8.3764 5.9576 7.7213 pwbzusdmro 1456
1718 68.8930 0.8073 31.0788 6.5955 9.4081 1.8794 wddvbbtmf 1153
816 28.6820 33.9266 1.6081 9.0940 6.4829 3.4542 usxekvgxsy 1438
1865 14.2263 45.8303 15.2418 1.4396 6.8080 9.6419 rozxwjpbmis 117
375 21.5627 3.0550 46.0000 8.6096 1.4838 1.9701 mqlqgylpvenasb 1184
602 49.4618 42.4358 11.7289 2.8135 9.4487 8.8504 etkdvpcvaq 387
1228 46.9052 42.4243 48.2088 7.3590 2.8168 5.1001 peasgaqmp 1192
2046 19.0398 12.0023 2.6484 2.4240 2.4783 7.5952 vkrcunewajmue 1039
1358 96.2875 11.1537 19.7253 7.3269 5.1548 8.8159 jmldtevlf 342
317 39.1529 30.1789 15.7198 6.7451 0.1832 1.2967 qvirqwzsnbnzs 1013
1057 5.0428 70.0115 59.0385 9.3031 9.3391 7.8385 gcnfhkqdgtq 1341
1129 93.6391 50.8050 25.4322 9.2473 1.1074 1.8242 fzuznhwmazeafx 792
1446 50.4037 5.9037 4.1960 2.0705 5.2335 5.7763 kugwqeoue 168
241 97.0459 5.5986 35.6007 3.8590 6.0769 8.2241 caqkfqhgwobj 617
1611 30.1927 42.0528 36.6868 5.7924 4.8422 6.0705 hytyodva 174
1983 55.5443 14.8578 2.9414 1.3095 1.6426 9.0018 mpreohlo 184
1335 5.4434 11.2202 39.9615 7.3049 9.9347 8.4261 qsbxfrcld 102
63 81.0489 38.3807 53.2582 1.8153 6.0375 2.2176 xtoxuaihuneciw 1909
1551 18.6911 65.5229 57.4011 6.0623 5.6093 4.0205 wbzxgscuxce 754
80 11.6514 29.2523 49.9506 1.7613 2.2033 7.1026 jvgsgcgv 1640
322 66.1590 28.2936 6.8132 7.0711 8.1728 1.8617 iaapnmpkgpleuo 69
750 28.7982 73.8991 37.5348 4.7619 4.2824 5.6700 qisccawjr 87
392 86.4404 7.5894 42.8168 2.8452 8.7445 9.4548 bcngtupawlebj 434
889 86.3303 4.2087 16.2582 5.0763 1.0562 1.2424 omkwseaeqp 803
1698 58.9358 13.5138 59.2399 1.2741 9.4857 4.7216 vmogchduxgyoz 1899
1919 68.2538 12.2477 47.4560 0.0717 3.8532 8.9411 dxqciopjrjl 1290
501 89.4006 39.0665 40.9670 1.5958 3.2711 4.1319 sdxpwlucyt 484
823 3.3089 2.7752 38.6832 4.4365 8.2393 7.5641 gbvbtowwpdb 441
557 11.0000 68.5229 13.6154 7.7643 6.5400 5.3782 gylhzrem 457
792 67.7859 72.7821 11.5989 8.4771 0.0052 8.9530 prgarldqcukuce 349
243 64.9144 7.7913 9.4835 8.4744 4.9313 3.2002 dbaubqvrhglkun 1940
899 58.9174 33.2546 10.5586 2.3330 7.5034 6.1227 lvolzvsy 1352
397 39.5291 3.9128 55.8223 7.3901 8.6886 5.0546 srvwmthmhci 1567
1003 87.3517 32.6468 44.4121 3.4860 5.6490 1.6252 kifpqcbvnjvkhd 1029
593 87.6391 53.9931 44.3425 6.7848 5.5897 0.6819 udttrqwiqe 586
457 63.9664 53.1674 44.8828 2.8233 3.2949 8.7347 esuyeolesqoct 126
1515 73.4251 30.9908 6.7692 4.2561 9.9823 7.5073 dnruklejj 984
1606 36.7920 23.7477 29.8425 1.0965 6.0174 6.6001 demrvjydjidoy 92
1491 88.1193 32.1261 47.0165 6.5766 3.2259 3.2790 ffktbnclwmmi 1405
1197 96.6330 32.0550 16.2546 8.8886 2.4307 2.6813 fxdfbytfpvugva 1003
1425 81.0183 14.5849 54.6300 8.3239 0.1050 9.9805 nobebqvowf 1096
1186 3.7156 48.7133 53.2234 5.6651 4.7784 7.6725 whxnhpymprtm 1892
15 31.6483 0.8601 13.4689 7.0556 3.4216 9.6532 mwyiscrbyeaa 1639
1644 44.4037 33.2454 17.6905 3.3214 5.1688 6.2515 xewpsxbfntgs 1412
1491 23.9786 18.3096 11.2253 2.5626 1.6615 5.1181 wazkrjsktlhh 646
1761 57.8073 73.5826 51.7125 2.9164 8.7473 7.4045 lekgaumazpi 517
1458 3.3945 22.1789 57.8755 6.5256 8.2894 7.3889 jtjnikeaqsoy 1229
7 73.9266 11.5573 57.5238 6.6047 5.3626 7.0128 esymhyds 124
647 10.2355 26.2179 1.3535 1.8578 2.2253 8.5296 thutcpqyvidgl 721
253 92.1376 37.2592 24.1795 6.0336 3.3968 9.3239 vrwbrszexwzcr 1388
110 96.4465 28.1009 34.1941 9.5400 3.7756 4.8226 svlcltzzo 1023
1931 8.9817 38.6193 52.2784 0.1673 4.3898 8.7982 yquvnjbbsgtz 375
1071 66.6483 69.1353 2.5989 5.8202 4.6377 1.6636 arxypczf 472
1393 11.4771 57.2317 11.0165 5.7259 6.3755 6.1569 mirgldbfxgkgi 1197
192 49.5199 25.1972 28.9799 5.9353 1.2973 9.9176 qcrgeqqyvdqdh 889
1959 55.9266 51.5596 1.1026 8.5281 8.5327 8.3065 niccfvxcfckmgj 588
565 4.2477 67.5505 4.1520 2.7228 3.9493 4.7366 jjwlquzvcvavpe 1403
916 26.5107 21.2661 44.5147 0.2613 1.1709 7.5427 phlwhqcezk 774
1001 34.1254 42.6537 28.2070 1.4643 4.6117 3.3672 hkdzfydi 1989
729 55.2141 62.1605 17.3333 8.6816 4.4985 7.2766 ynegutjkumqtwt 2030
615 99.4159 18.1353 2.5769 6.7436 4.4689 9.3309 lrzjsdorjfsm 1205
1572 61.2202 47.0780 0.4304 6.3703 8.1709 5.6453 crjwwmrrnlzh 60
318 32.7615 18.8234 31.4744 4.6862 7.8861 8.1551 yovpgrvbboh 1059
113 99.2141 72.6055 42.7308 0.2451 2.7882 1.1600 wsbzclbo 567
754 57.6422 61.2294 42.7216 5.6764 5.3388 5.4124 ikaqjkwuyxhnr 1276
587 36.5321 22.6330 31.5366 6.9505 5.2396 2.1255 pnpxbbhhvhibt 1920
1569 9.5596 9.1170 56.6374 9.8120 5.8990 2.6847 qiwbpkzilcc 47
1441 95.7095 33.6261 0.2454 4.7491 3.5662 0.2436 imxavdeaf 1805
42 89.6667 4.1651 1.7894 1.3407 8.0910 2.4280 hngqxshflhz 720
852 37.4954 9.7546 13.3846 6.5556 5.0684 4.8929 avjwiehxyyshpm 431
996 18.5168 8.2638 47.9579 0.1999 2.3077 9.7561 gxbargem 232
229 15.0061 68.2018 30.8114 7.5128 4.7463 4.1380 frdgxfpqiijql 307
847 63.5291 17.2959 44.9597 9.8431 4.6047 9.1633 iolxlsri 898
854 22.6667 24.2890 3.3993 0.5479 1.4209 8.0742 uxragjczran 2
1730 45.7309 70.4106 30.9945 2.1972 6.9182 8.4869 bxhseokarthiid 1736
516 3.4098 19.0023 9.6154 0.5769 6.9728 5.5925 mbkdpaqrbgxpbx 560
919 61.2599 48.4083 10.2179 3.8773 8.9267 2.0528 lpmbutmyxlbmga 860
1297 87.2049 73.5963 23.5330 8.9026 1.5137 3.6517 wlmswvsszrmsbi 932
332 33.4526 20.1330 47.2582 3.9646 7.8861 1.4444 nhklkzfh 1948
1245 96.8196 45.8096 27.8828 0.1050 5.1792 4.5632 bfjuvrlv 1674
1728 7.3150 48.1445 31.1337 4.2970 1.3516 6.6651 wsbarnfg 248
1857 36.4342 16.8784 27.2839 0.5461 6.6835 8.2018 kqzeqakb 896
876 82.8502 39.0092 31.7619 9.0440 9.8190 4.1276 tcmzdvrewurs 61
330 19.8624 53.4656 15.3407 6.6795 1.4222 8.4713 hibpwcvjcboc 341
609 94.1376 55.2431 55.0788 3.0760 8.2595 1.9734 ijogxanusufs 1147
1447 83.0183 53.9083 41.7289 9.2494 8.5473 3.1459 xljmcatqet 435
87 80.7584 68.0986 6.7161 9.3004 3.6722 8.9875 xpoqoggcf 1155
1628 6.8593 52.3853 9.3700 1.9554 8.6712 9.5836 vdhwqjgtl 1988
835 72.7798 54.6927 25.5055 4.9075 6.0717 2.1923 bhqnucrymgb 1037
2044 21.6728 54.8417 25.0659 6.8990 2.8422 2.0104 cxrjipfbpfxve 1794
668 49.9878 62.4748 34.3462 6.9557 9.4209 1.2021 fzwznimspy 497
805 23.6086 58.8739 26.2088 0.1120 0.2277 5.4713 hcvigbdabff 1520
1018 35.8440 10.4197 6.1758 9.5916 2.8455 5.7863 gdhmmollfetlvs 1080
808 97.3914 39.8509 30.4469 5.2079 8.1310 3.0614 zdmjpkgtkshyhm 743
408 67.7309 15.1972 1.9597 0.3864 7.3947 8.3855 mppfmfjao 1684
854 29.7615 59.0046 19.9469 7.5043 4.5128 3.4673 usrhwrftinjsk 728
8 59.2263 60.7683 35.4652 2.4124 5.8785 6.3898 lrwiqutywkps 274
1245 19.2630 21.2431 36.5696 1.6999 1.5354 0.8086 ikbbldxqy 44
1938 49.4342 58.3211 2.6117 3.3843 9.2732 1.3718 trunznmihbanx 1820
506 63.7248 71.2959 24.9652 8.9829 9.8278 5.0595 rorohyxusgy 1054
1211 27.2141 0.7225 8.8956 4.7060 8.7882 5.3083 tyxmefsdwu 1177
1523 37.3609 13.6491 35.7766 0.9704 8.7485 4.7903 eyludyho 1281
952 46.5138 9.2041 4.1282 2.5467 4.6221 8.3535 lwxavzatnrnepq 546
117 84.2416 5.1927 7.3315 4.3211 8.8565 1.1691 xbhxvlsgskcfrv 1360
1305 13.6483 68.3693 38.1685 1.7622 6.5098 0.2857 bzursgmpli 1481
942 33.6453 3.2706 40.2418 7.1276 0.4237 9.0736 qdssdaobb 437
1853 52.5535 22.5711 49.9469 2.5208 3.9530 9.4545 jxqshjwfb 782
1065 54.1132 26.9977 0.9029 3.1703 7.5525 4.2500 ldusfuplmmqjh 356
521 38.5291 55.1514 24.4853 0.3068 1.6401 0.2311 nseqyswzwhnx 1335
1086 43.4190 5.3257 56.8388 8.3642 2.2295 0.9200 tkxzuemi 1885
226 66.5229 63.1239 44.6740 3.7521 4.2070 4.0205 wfuryovdwqpu 1466
225 100.0306 2.9587 53.6667 1.9795 8.1029 8.1270 xnbdfsnz 132
1026 73.7737 35.0688 34.6905 2.7036 0.5617 0.5836 crpasmryl 1556
1713 62.1713 0.7110 51.3663 9.6050 0.6566 2.0620 buzaxcxsvxhdve 426
1565 9.0000 9.4954 7.6612 2.4423 7.6297 7.7546 hlivggaimlsu 1505
598 31.4434 8.7477 19.9414 1.3397 0.6630 1.5382 shzooqtyyo 212
1921 19.4342 33.0550 37.9945 0.0864 2.7912 9.0208 ruzloatlwnil 302
666 49.1468 31.3257 12.7344 4.1450 1.8474 0.9820 hwpzcvgrvkrsep 221
1319 39.4037 58.3991 27.5879 7.4090 9.9570 1.8956 vijbvlwg 1102
779 56.6330 24.1399 44.2656 7.1676 3.5604 6.3120 zbgpithtrfrb 887
379 22.9878 48.6835 51.6667 1.6132 1.9887 6.1703 pmmbebtwyiuzcr 258
1962 86.8960 19.5917 17.7546 0.2405 5.5833 9.6993 sdhbqlboxq 452
1840 68.6606 8.0138 21.1557 3.5128 8.8568 1.6587 srqeziuhph 1235
689 74.9266 50.5849 32.1795 4.1703 6.6194 6.0830 rjvlirlgfoq 910
1310 61.3823 10.2018 33.6575 2.0055 2.0681 1.0519 purjubmpfqdqt 99
382 4.7309 42.5688 47.0678 3.5711 1.6413 3.4365 awxqvhzphn 138
1516 17.3303 20.5986 29.2326 6.3758 8.5632 6.0775 ezkdelpox 756
626 84.7125 48.0711 34.0311 5.0510 7.3413 6.5461 gktkrsbqu 685
13 60.3028 22.8372 30.4048 4.5891 6.8376 5.8935 ytpxzwogqtapu 998
2020 28.7706 24.9312 52.9872 1.5143 0.7070 6.6685 fwenpbfjpqn 827
983 14.4618 15.3876 13.2985 8.0317 1.6346 6.4701 qeikuuvmk 1943
316 88.2630 27.1537 16.9927 3.8492 4.5922 3.1270 udhtcujnsk 28
1635 71.5780 35.3991 37.8004 2.0031 6.6117 0.0287 vtklgfoyd 868
1999 62.8807 32.1835 29.7821 0.1923 7.0134 3.9170 qoiphgzlihr 700
587 83.0336 66.2729 5.5348 8.2415 3.7875 5.7109 aoqugniz 838
1646 28.8471 68.3303 51.2363 6.9011 9.5031 7.0470 gemsjvhb 833
955 79.7095 40.7431 23.5788 1.7787 0.2405 7.5900 oinfftuwnknqs 1182
1343 65.1009 53.1628 47.0440 0.1905 4.9096 8.8022 ojxuyxxkdv 1581
1218 10.4037 7.5619 55.5421 1.1279 2.7192 5.4823 didvouuk 1274
1299 45.0979 3.3394 45.6300 9.8190 8.2534 5.6893 uvlncjnsmnrl 419
637 60.6636 9.2362 49.2088 8.9628 5.9869 8.6175 xpnbpknhvrv 241
613 25.7462 2.3303 56.7289 1.9139 6.5559 9.7271 yrwgnakrd 1831
1151 51.8930 21.0069 46.8242 1.8422 6.8898 3.7045 hblanulhkgfmqt 1327
1524 75.0183 33.7339 58.8462 3.9521 6.4542 8.2366 ntqxuwor 289
1707 64.3609 69.5459 39.3242 2.9747 9.6697 8.3535 zrquamnwk 1821
1073 7.5596 33.3555 34.5806 6.5113 2.8965 5.6816 yykemolum 908
978 59.4281 31.6514 26.3462 2.9194 5.1664 9.3321 cmngezxjyr 1539
697 96.6483 67.2317 21.2344 0.7607 9.7879 2.4829 uhxvxbrudwop 88
1395 42.1376 60.7546 37.0165 0.9124 3.5568 4.3419 dofziuxx 1310
153 56.9205 15.5940 26.5256 3.2946 5.1450 0.5708 skbuvreaz 1180
1099 88.4679 61.4771 40.0037 5.0458 3.2995 6.6905 zcmtmkwhwmbi 1375
98 37.7890 24.1972 13.3498 7.5272 0.6013 3.7930 txtktqsrh 1873
1740 92.4526 22.2775 12.8773 4.4417 4.4066 6.0604 xuggaxfdb 757
1747 45.5138 68.7523 0.5879 9.6175 8.9225 9.5183 lofnfwypvczvqm 1701
1799 75.0428 44.7615 57.3095 1.8980 8.1422 6.5711 dcheehxtrbcwc 1461
856 40.5321 22.1583 56.5092 2.8523 5.1700 2.1050 xxabxxax 1284
585 44.4862 69.2087 6.1227 2.5027 4.0977 6.7491 dgitlqkpnvol 1129
1477 53.2080 30.2615 35.1007 4.1047 8.2744 5.5659 vhrajmtdhle 107
612 32.8318 51.6743 58.4176 3.7604 5.5583 6.2299 focsvfexfdxr 1806
837 12.8318 60.1858 21.1429 5.3950 1.2491 7.9618 zuqoekew 255
1152 54.9786 17.0734 25.7674 7.0079 1.3080 2.1438 tozojtwgccvj 673
230 48.8777 51.3005 23.6355 9.2338 1.7360 0.2549 lqdushdwp 1324
1122 65.6881 25.2523 26.5568 9.5885 2.9756 5.5128 nsjwqcknwm 1213
272 54.7034 65.1422 48.6905 4.2418 0.6917 3.4588 zdrrdwxzmoc 835
1577 35.6269 59.5138 10.0714 3.7002 7.6639 5.7909 cyxopdvgtoenpm 70
2003 81.0581 45.6651 27.5586 4.1310 7.6361 6.4609 oyaivfvcz 1196
1238 42.1315 53.4312 39.0366 2.2201 2.4881 1.2787 yzfidecwe 455
1312 90.0183 71.9060 52.2692 4.3977 6.7427 9.1001 ztolqove 415
581 87.4954 6.9839 52.3974 5.3968 6.7857 5.6178 dcydchyrzas 21
221 35.8899 37.1445 36.5128 3.5971 0.8104 6.9548 ljxlxtnwisbd 1576
1748 31.0122 55.8234 19.8663 6.4356 5.4707 7.3126 tdwujvydohnxc 347
60 91.1315 46.7982 12.2088 5.8007 0.7314 2.4350 zyxfwqhit 1699
1164 60.3150 43.4151 51.4322 9.7598 9.7057 1.4808 yyewsrqx 1672
707 73.9908 31.4220 27.6978 4.2314 7.9643 7.1447 zykmmkttvfegw 1243
1133 42.1804 57.2133 7.2784 4.5037 4.6310 1.9017 gkapvefu 795
1335 28.9021 28.1766 51.7857 9.3123 7.8690 9.4902 zvbumzodk 1775
1368 12.3303 57.9794 14.1905 8.8199 5.0449 8.3458 bhunsmiussuf 1256
1509 2.0489 30.2500 44.4835 3.6389 3.7891 5.3929 khcbvumszxhmhu 761
1055 71.0826 2.6330 19.1136 8.9689 4.4481 0.3013 qpiojgeo 919
1465 33.5321 18.2592 28.7546 8.1148 6.7766 4.8462 htcodamahb 1171
1119 89.4251 57.9564 49.6685 2.4255 7.4371 4.7933 kiekfoobo 871
302 93.6881 16.3807 44.9322 3.6383 5.1145 9.3828 oncxyrayujg 558
797 93.4709 60.5069 9.2546 7.3068 5.9191 4.2247 gihypcffatv 1976
84 99.1407 74.7041 28.6117 7.9649 2.5076 1.3892 ohonpmig 1955
1891 96.0000 72.7018 21.2985 2.8022 2.5876 1.5665 qqcmsfac 819
747 12.0948 0.9060 20.9670 3.4078 5.1990 1.9432 ywwroqjpcxhppo 1291
963 7.0703 68.1101 18.3132 8.1841 6.5617 5.5824 qnukqxpvdoov 2032
560 17.9694 35.9564 54.8132 4.7216 7.6966 5.5986 gzudlniz 1086
1585 82.2080 25.4381 56.5934 2.4069 2.4554 9.8059 pnssnqmygebkrc 1275
472 52.4618 36.6720 18.7344 3.5140 5.4054 4.8080 lirwrdvnk 1493
875 68.2171 42.8601 51.5275 3.9664 1.6105 6.6517 xkibgwdam 1881
656 79.5933 5.3532 1.8407 2.6056 1.5305 9.3431 poutdnikza 1577
288 15.4343 12.1193 21.6575 2.2814 8.9499 3.6749 pdershbyyyasa 402
1701 54.0183 63.9243 20.7637 6.7555 6.4176 3.6896 lykucbrwaeio 811
1765 16.5749 37.9128 27.1355 9.2042 7.3455 3.8507 pqryatetfwia 1160
606 14.4006 50.9312 6.7546 1.6111 1.2698 4.1285 ngrtoczqnsy 338
852 61.0428 36.1307 59.2033 3.0751 9.6078 7.0998 teeyvnuqw 1406
557 99.5933 17.9725 40.6429 6.7570 6.1996 3.1688 amkuoyqdar 663
213 41.4098 63.0619 48.3553 9.7396 2.4698 7.3233 rhzsundso 692
1565 23.5749 20.4564 44.5824 7.5241 5.9451 8.7225 eyqvcqlclik 861
1541 41.2905 13.8257 57.6777 5.9325 3.6862 9.2341 lvhaujqog 1828
157 55.8777 64.9885 30.7289 0.2613 6.8788 4.7894 qxkikffcesqva 1882
308 78.9327 2.8578 21.9084 2.1685 8.5226 3.4948 kpsminvz 1569
1115 72.1132 33.0252 3.4799 2.9615 6.9615 6.0800 ayoatjlxhnmnkf 487
1546 98.5199 1.5619 30.0879 5.4301 2.0983 8.4154 imjikbnqmjuw 1622
1490 68.2569 42.9633 13.6319 4.0513 7.7424 6.8162 zdbxqbjbmgacu 933
311 93.1468 27.5046 16.5110 8.3147 5.1935 2.8288 wzdxwtizbqmwio 280
1802 84.6697 66.5596 5.2198 2.9072 5.2924 0.5449 fcrngrzzb 1342
234 29.2080 31.2454 50.3498 1.7558 9.6294 9.2518 tnvwbuduuvvf 98
818 65.4740 3.1124 37.9872 2.4212 6.5351 9.0952 vxntbjpvxkv 1293
725 34.3456 0.4404 24.1593 4.3922 1.5562 9.9243 yvkpzikdw 1540
480 26.5321 29.3005 46.4176 3.1303 9.9322 1.2308 euqvyfzsn 279
683 16.4342 31.1766 45.3425 4.3107 2.8752 2.5391 rbgkywfdfys 793
808 87.3089 26.9174 9.1557 6.1795 6.2466 1.4420 jwhxggpnuvi 1097
1848 23.2661 31.6170 37.5385 9.5986 9.0913 8.1709 dowsezad 1154
1039 4.3425 12.2661 46.3718 4.9713 7.3034 2.5272 iqqlsjeglh 552
432 26.9480 45.8853 10.9249 3.9206 2.3608 2.7085 aaszbiepqzhk 1430
679 91.8196 11.5573 15.6374 9.0668 9.5708 9.0180 wcfgmhzytaszt 439
841 56.3303 3.9839 6.5934 3.7512 7.4637 6.1532 kxlygfknphbx 474
1940 70.3303 6.3853 37.1007 4.9020 6.3236 7.6822 ygjgalyte 1519
461 99.3639 29.2592 49.9066 5.8574 2.2280 2.4640 jdfiqdelbbtq 1433
1236 53.2538 3.9450 1.5293 2.5687 8.2305 3.0842 snrygpxk 416
1452 80.5933 71.8647 47.4597 8.7302 9.0150 7.9658 lufrnwtszito 463
1107 65.0795 58.9656 21.0641 2.3156 8.7888 6.3803 bqtvsbeyrun 1887
1003 92.3517 25.9358 20.0494 0.8397 5.9759 9.3324 cqidmieyizov 411
296 9.2385 47.5206 5.9652 5.0470 9.3574 0.6480 stzceayabrwbkm 2045
1364 34.4312 33.9060 46.6667 3.3407 2.8538 4.6462 gjmikpywie 1301
336 84.4648 2.8509 12.3168 3.9747 9.7817 2.2714 lderedxwpxzyg 188
875 17.0520 15.2133 50.5000 6.2201 1.6670 3.7775 whiljqmcws 1662
73 66.6973 46.8440 59.9304 6.1044 6.1001 1.3550 uizgbihczski 144
1026 1.1865 30.1950 54.1044 6.3587 4.5409 8.9164 igjhustcxhm 1016
563 1.8196 33.5963 26.6996 8.5516 7.7912 1.3703 nzmzeotcqdo 465
1674 23.6606 7.0138 34.3681 4.5168 5.0546 3.6084 cegcycvoyj 1704
2002 25.1284 42.1514 1.1319 2.1654 4.6697 5.1261 hqinnypr 954
999 71.7370 15.3280 7.5018 7.3715 2.2506 0.3950 zrfseqxrv 1603
873 33.9144 65.4885 56.6483 9.7091 9.2228 7.2732 qwtxjlqruhncmo 810
784 64.0887 39.9128 15.9890 1.5198 4.0366 4.3153 retqmndcpcbrxp 268
337 29.5535 46.0367 37.7839 4.1743 4.9890 8.9444 nmyijlbhwb 610
936 63.2599 6.0619 1.8352 0.1648 5.4005 3.5137 luktftkd 870
781 80.3364 43.6170 36.2912 1.1545 6.9857 4.1279 pkrnumhz 557
1150 4.1988 69.5505 0.6850 1.1203 2.9182 0.0702 plowxslzyc 79
1212 7.8685 59.9679 41.3919 3.3541 7.1477 6.2466 fuczktbweyj 1604
8 93.0428 58.4472 6.5385 8.3132 6.6364 5.2613 hfbzgvpgtefd 581
246 25.2263 44.6995 12.4908 2.1084 7.8632 3.3074 ztznulsrg 494
1278 7.1162 73.8257 25.3132 9.0665 9.8822 5.0589 syrssylnuczpsf 519
658 6.3394 23.9908 19.8132 5.9835 0.8416 7.3492 kwkjvqqiouwsfr 2015
1653 50.2538 19.0436 3.8718 7.6404 3.1523 5.0076 plqudhnexyw 506
1029 33.7278 14.0390 47.3315 6.6026 8.3245 4.6935 aomrswtsik 837
1632 57.1132 62.5390 37.6502 2.8318 6.1172 9.8159 ghfrtsqzruzrhi 24
1531 79.8410 16.7271 50.7527 3.1007 10.0012 4.3376 mibnffzfnd 699
1977 66.8043 34.3119 51.4451 5.3001 8.2567 3.5531 sxyiftwa 686
1818 25.8471 0.5115 7.7527 5.0806 3.4905 8.5388 mvccpenrwtsw 1165
1106 48.9572 17.3096 2.8114 9.8043 0.0626 2.2839 inyevvbpmuj 1498
789 46.8532 8.0986 26.4304 6.1016 9.7537 8.8810 jzoxnlcdqk 1516
1552 30.2080 59.0367 41.9817 0.0955 9.1224 3.6062 dqigehbsr 1994
975 65.6606 60.5642 28.0989 1.7198 8.9359 8.8288 omeettbaaxa 579
1311 13.6544 50.6514 24.7985 0.9219 5.1700 8.2711 fcbuhvos 961
434 70.5963 7.9404 10.2326 4.1346 7.9741 6.3752 qrbmdtakaan 1325
1503 39.1896 24.2913 43.6429 3.7759 1.6789 8.8733 bsffcsjabd 367
1357 46.9388 16.7362 0.8315 5.9084 9.9905 4.0882 emjnbpsjlhuvbh 1606
563 1.4954 58.4702 1.1795 2.0366 4.6349 0.9597 xbdwnphetzaa 947
212 71.4954 63.2706 55.6960 4.2714 8.5464 4.8950 udteiplcatox 1090
1111 45.3272 33.1239 33.7656 7.9570 8.5720 3.9460 fruxnxuqmcae 136
373 12.2997 45.3945 21.5183 1.3138 8.2744 6.5665 cncrwnahyl 1292
1442 95.2569 56.7661 39.3022 0.0919 1.5598 4.2302 mlgglenzoac 968
787 34.7248 45.5252 48.5751 0.3501 8.5592 2.3458 eunzqfzlgbey 1497
814 80.4526 64.9587 29.3791 6.3935 1.0998 2.1914 rrgczmohb 1345
670 88.1682 24.5367 23.2418 1.0055 0.1081 5.7292 njnheszj 234
1524 74.4251 25.8257 11.8187 6.3880 7.9478 9.3977 gluhjctpnoga 1492
60 19.6086 33.2867 42.7582 1.4628 6.6172 0.2912 lnuaaaxkod 1950
1226 14.5352 60.0252 27.4707 7.2650 1.1368 3.7982 xufpejrckcd 324
34 69.9939 44.3188 46.4652 2.0296 6.5189 7.0214 qibthgfi 592
1394 4.9969 1.7913 20.0220 4.0586 0.9765 0.1200 qurzhochs 640
1127 30.7003 29.3440 30.3571 5.9951 4.4518 7.8727 rdzftojjaa 2021
10 43.4128 15.0963 38.2088 5.1593 3.8919 1.1960 dxmyaposkzzjou 175
3 44.9541 11.1583 39.6630 7.9084 9.4945 1.8037 anbovdcsjdlt 2020
1598 73.1927 65.5940 22.7381 1.9994 0.0217 5.1419 ifbjewdlgttrcl 335
184 60.4709 43.1078 36.8590 2.1780 9.0189 4.2546 elukojwcrg 1654
1776 49.3517 59.9817 44.2106 7.4667 7.5092 4.0314 aapuqfucepohz 727
2023 82.4709 71.6376 36.5769 2.4731 4.2201 9.4393 rocumlheidegiz 1317
99 35.7706 67.2362 39.2198 2.3864 2.8065 3.5266 rukbeidkejbry 1248
1565 62.5413 28.7271 21.8022 1.0864 7.2689 3.0690 sobsdmtqacy 573
1911 35.9297 70.9289 48.9963 4.8376 0.4115 0.8666 ypjocwrkqocv 934
1949 79.1407 12.5872 25.5385 3.5064 1.9496 7.4142 igdenwgzo 1344
825 12.3884 13.1353 23.9487 4.0079 4.1719 2.1325 bmijmkesyhyjef 1227
1592 65.2355 33.5596 55.7399 3.0037 0.7906 7.2402 dartbmuwipj 1754
450 80.8532 67.9908 47.7363 0.4292 2.3504 9.8236 ssfvkzevkz 869
900 93.1498 39.9289 56.6300 9.5772 3.2002 0.5009 zepwfqdpd 570
1852 86.5994 52.5596 41.6355 8.5818 5.8752 9.9634 cqsisgoxnfjyww 2012
713 84.1315 47.3326 13.9158 3.1078 2.4997 7.6725 nbuurykfnc 764
763 4.0092 50.6674 23.4396 7.5962 0.0577 5.3162 xpkvktikz 1467
253 50.2508 40.4587 22.1630 8.5531 5.9768 4.8385 saexgfnap 1504
436 40.1835 13.8807 20.3516 2.2436 0.8584 9.0952 mcgorbzyrnk 539
1978 43.4067 56.9633 37.5934 7.4185 2.5571 4.2228 kvstajzpyfrxr 56
15 0.2049 67.9404 41.7106 0.7207 3.4933 3.1151 lollqjijynqjuj 1194
818 58.2202 29.8532 16.3077 1.2125 8.7009 7.8892 lxrntvkwmr 612
1884 94.3884 57.1560 11.1612 9.4176 0.4374 6.8965 noqzbydgisrl 1455
50 66.1468 22.8417 43.2271 4.9228 5.7295 2.3950 famkpwilek 2046
1931 28.9144 3.6950 7.1136 8.9029 3.5726 0.8721 wyjgbcjwhupn 218
628 11.4404 18.3349 49.2418 8.3892 2.5311 0.2247 qxcdkfkkzqcl 1620
1867 74.7064 63.8716 52.1374 1.1990 7.8223 9.1841 pveabmqzuztw 405
719 40.6483 56.0688 10.5513 6.8446 7.3501 4.1902 eohkfpborid 112
1511 12.1284 24.0206 54.4853 7.1264 7.3550 6.3367 bcmlrvlicbxmo 1277
1128 23.1865 43.2569 21.6026 5.0714 2.7763 0.0696 mpmixxhfqvyrx 1593
870 77.3731 6.8142 25.0055 5.5284 6.4301 9.0269 iemvlkellib 876
1369 25.4159 61.5344 49.9414 8.9649 0.0861 6.5574 tresesbbbj 1871
877 35.5443 39.9839 57.9689 4.6761 1.5937 0.4222 uwvgpxmhhdndoa 1053
1873 66.6086 28.0298 54.9560 9.9487 4.0598 6.5147 zbijnspvvcj 1926
1937 54.1498 48.2225 42.6447 1.2360 6.4338 0.8901 kmgmbvfrtgowa 569
1064 99.2661 28.1743 59.6337 7.9573 8.7012 5.8800 axueknjec 36
1795 99.0153 34.2683 11.3187 5.4212 0.6206 7.3504 xnrjinwsezunca 802
1700 61.3945 66.2913 43.5733 3.7647 8.9567 2.3736 qsjqvgptmct 1368
1255 90.8960 53.8670 15.2692 3.2457 7.9478 4.7995 aiafvgrlmsdi 152
1407 16.7064 5.8486 13.6923 7.6618 4.9664 1.9374 equniwlf 52
1316 14.3670 56.1995 2.2802 9.6880 9.4683 8.9921 hfnumrcwjtmk 1483
820 89.7553 39.2225 23.5714 4.9927 4.7656 2.6157 yjtcphlqa 523
567 99.2263 52.0206 13.7912 1.0473 4.3260 0.1905 cjrpnexq 1518
1306 80.8777 48.3028 31.1264 6.2344 9.9783 9.7744 johzgegvxkr 1362
1581 98.8287 4.9839 34.2344 2.4020 8.1838 5.6737 ylpoozgrzeiu 537
1331 74.8135 66.7661 44.6978 6.2033 8.1264 9.2814 abzgiuot 576
1790 95.4801 47.2775 18.1465 7.6801 3.9960 4.1896 opoebwejm 988
47 86.9113 63.5115 6.7454 0.1175 5.9820 2.9063 mnewryyzssoan 1473
858 55.4954 34.8509 38.3223 7.1999 8.2930 0.5754 jpsxdtrgzbooj 891
586 7.9694 24.2385 0.5128 9.6105 2.1337 8.8474 xrxsvvnwayamp 202
563 86.9021 41.7959 8.9560 1.3687 4.2546 3.9380 tskdetrsw 491
1575 52.7676 1.1812 54.6630 5.7659 4.9695 6.3404 brifvxpjtreff 454
1444 96.1590 48.5321 29.1648 1.1551 7.3049 9.9380 ovetiwxktshqf 1240
1532 58.2385 0.8991 22.7161 5.2073 5.6883 2.9814 pnvlyxonho 1260
517 37.8654 26.7339 10.5311 7.0553 5.4847 7.7179 rfarmjnzaknyii 1386
1605 91.4771 18.1147 44.6740 5.0479 6.1807 2.7805 yyqakxkxlm 731
1473 94.6208 14.6353 27.1978 9.8764 2.2335 6.2418 rtzjsanu 1919
1698 46.8838 7.0849 34.9377 9.9481 9.7100 8.6029 vghcbvcozoxe 155
1517 38.2875 44.8922 23.3516 9.9408 9.2152 4.5119 jxjxiihyuhb 1432
1671 35.4006 74.1491 22.5531 5.3037 9.7250 0.5266 atijxtsks 323
138 24.1101 26.2454 0.8132 7.5812 8.0626 6.5940 gunkmvwcrdyk 369
1344 25.3150 54.9427 31.9597 1.3785 9.9579 8.1886 xfcubefggsrccw 71
55 44.7676 12.1583 54.1850 8.3013 8.4634 6.7256 rdrbnvnmhyz 527
1014 74.4924 27.3486 34.5458 9.9460 8.5046 6.4490 nhshlvnvjgojw 1666
1795 72.3486 32.6147 51.5018 1.9191 2.0736 3.4454 osnwkajblcf 982
616 36.6391 46.7133 39.7747 4.2128 1.1093 6.2924 fhcyhjbars 631
94 18.0703 0.0413 1.9084 7.7118 3.8071 5.7228 fxarpxgsrsvxd 48
174 13.0061 56.9725 6.8352 0.5693 5.6285 2.5037 mthxjmlcvlr 319
1353 80.4190 40.1537 14.8956 8.1636 0.0183 9.8819 jlazrzulqhyc 843
1645 97.3976 69.4702 2.1374 3.2170 1.8037 3.1764 yqtlhxlwe 64
858 27.9174 65.6376 27.3187 3.8837 3.6139 4.8999 jaeppvcb 1402
2008 9.9327 2.6812 0.6795 6.5211 9.4988 9.2335 zssrdrluxk 1358
1956 5.8165 38.1835 21.2326 2.4811 5.0171 6.6331 frykvjnyebgz 999
1847 83.2080 4.2133 49.3663 0.9121 5.3132 1.5159 pzbfcbfkrocxx 1716
834 46.4098 30.6766 24.7161 6.3117 1.8608 9.9551 dcqeueqkfqt 470
983 6.7584 3.8761 53.6740 2.8104 3.7518 4.6520 oxuvnqyiu 530
251 53.7768 69.8486 47.8773 9.0009 5.1593 3.0314 gslfjmxwtpd 1393
477 53.7859 25.2408 14.7326 3.4826 5.5629 7.1047 yjddhhkk 1612
870 3.0826 24.5826 23.8297 9.8971 2.0015 1.0473 xvvvdlunl 2044
1771 6.3976 50.5895 47.8407 2.3806 4.2738 2.0076 bvpdukult 1914
493 72.8654 4.3463 7.3956 0.2988 0.7411 9.0662 erajpacqwk 1875
604 99.8349 70.9564 34.5055 3.3443 3.1670 9.4994 ypjdtnsvziukh 677
568 23.4098 13.6789 19.8425 6.7552 0.2958 6.5644 wplpttdujpvh 1179
648 10.2049 3.0688 15.2875 3.5992 0.4264 4.8077 fnrzfdkocau 1834
977 65.6116 32.0573 24.2454 6.0733 7.0620 0.7347 tnvegacjrr 715
1953 46.8716 12.3853 16.7582 1.8187 1.1685 3.5531 nerjtetqkpumw 784
1582 20.7829 33.3739 39.8590 5.3886 7.0586 3.1166 szjzdyrcrm 1332
1440 73.4128 21.3440 1.8571 8.9582 2.7207 2.5720 fggorqvzhibsow 182
1747 7.2569 10.7936 42.9634 9.6044 3.7121 5.9118 xmfkbqyxldif 1348
1569 2.3792 28.4931 55.0403 0.3370 5.1740 7.7607 alpkzeznpfjeli 159
1775 66.9235 21.7867 23.7894 9.4026 9.2430 1.5330 fchxcaivsv 1067
1568 87.5107 30.8417 19.4982 5.8932 4.0882 5.7564 ncvwgwdekg 745
1662 21.6850 37.5436 41.3278 6.7708 6.3339 2.8486 vfjdumtzxt 1982
1867 77.2447 58.6605 52.1429 3.6178 7.5684 0.3428 srcrmtkbkf 1486
5 9.3211 69.8417 27.9560 2.9582 2.8242 3.4695 imxvynqtbyghnl 1558
1506 50.5841 44.1995 47.9817 5.6832 6.9652 3.2579 gyickivz 1880
992 9.5566 73.3349 51.3810 7.2592 1.7253 8.5827 xewbphvwrnm 971
15 67.4618 20.9495 29.9121 3.2497 0.5043 9.0562 ezajyqit 1340
1612 61.2263 61.4358 29.3370 5.1703 8.4032 8.3648 ekisvypriod 1416
1878 33.2936 40.5298 16.5842 1.3352 3.3550 0.9704 hazwybelimnnr 1890
156 78.2844 18.5436 1.4744 2.6612 2.2903 9.3581 tsgvmyqcjqzhvz 688
1203 32.4159 42.2523 50.5092 5.1355 7.3547 5.5846 fybhmtqiffojv 1527
1387 31.1804 44.7729 18.7418 0.5858 8.4499 5.4081 dijcwpmqsohqa 931
539 0.2141 19.7913 26.4139 0.4264 0.0775 4.8037 zzyeeowlj 1760
537 67.2049 20.3073 22.6154 1.1679 0.7207 0.3120 vzyepefs 167
1088 50.5719 59.1743 24.7857 9.2057 7.2824 0.5470 hsnopwpueh 1357
1681 19.8746 7.8784 20.9615 7.9991 9.6777 0.2244 tescmbbkge 1572
971 97.1896 60.8440 23.7949 3.8153 6.3721 6.6102 bnaidvgjuritu 1394
23 18.6697 4.4404 31.9194 3.5205 0.8843 6.5830 dnchkxfkgcq 1119
449 88.8502 64.9128 13.5458 4.8614 2.6770 9.9777 nvsuxsawyxvd 1140
1458 50.9021 23.5757 10.0220 4.7201 8.9249 0.9444 ukrutnddw 502
1344 61.2783 23.8119 25.6557 6.1725 6.0476 6.4692 oniaecqg 195
1512 88.7798 17.1881 16.6831 9.9231 5.8349 3.0058 exltdapixnwc 1203
1436 70.3150 60.3761 37.0916 0.5849 4.0928 9.2439 blfoicopfxa 50
1673 60.2752 38.2133 17.7161 8.5540 6.0247 3.3559 egzivyxddj 749
138 67.4771 3.0046 47.2747 9.2674 1.3886 9.7521 hlrkonnv 1992
400 44.9602 68.6284 11.9322 2.5986 8.8864 4.6502 lzfamtoouahokc 2041
1332 74.2997 7.7821 58.8425 1.1343 2.3868 5.3718 nzwwbtchyr 34
1699 16.1040 43.9541 43.4524 4.6102 2.0794 9.8324 ubozhcikter 881
2008 65.4526 43.6697 53.1355 3.9423 0.9734 2.4014 nzuhevmpmk 1353
4 50.7859 10.8624 54.6319 3.6889 8.7002 5.3110 qgfkyrqjkh 1808
809 52.1835 47.4610 58.6081 0.7793 2.7714 3.6633 uezpvkdls 339
1449 90.1223 59.1995 3.6172 9.1929 6.5846 1.7094 nafvntenfrza 875
406 20.7064 3.3440 41.5165 1.7234 8.6059 2.8913 hcadyzhycssbfc 689
461 79.3976 21.7179 7.6923 3.1493 4.3059 6.1951 tvwefrbzmitmba 1404
1641 95.2722 73.6239 21.1282 6.0134 0.4301 9.5754 cuohgdmx 1190
302 51.2508 55.7362 48.6337 7.8999 1.8281 9.8257 yqgdksdb 1042
513 17.3761 25.1674 43.4048 1.9860 5.5458 4.2579 xteaedmgc 495
1878 56.7584 47.5619 17.0330 6.3736 1.0049 1.9615 weglfcwwhywmf 368
593 36.6239 57.1422 55.5385 6.1685 2.4179 1.7830 csqlvvmdrmu 822
1345 7.4434 8.7569 45.5623 0.1734 8.0388 2.8556 pfgfcitjdcbdlb 438
1645 31.6177 23.7431 26.3370 5.6319 3.2451 4.6871 kvydfhxiijby 440
23 80.2538 53.6009 54.5000 6.2002 3.0879 6.3230 tnvteznzzwc 1626
1575 24.6606 60.8050 51.2418 5.3861 5.5046 7.3971 ntoigola 1958
1801 62.6911 57.9702 54.8114 7.4545 7.6551 8.2164 jvqoyyyf 809
636 36.3547 3.7317 23.8883 1.2042 8.7390 0.0641 ljhrysdavew 318
997 8.0734 36.5367 30.0897 9.0085 4.3037 4.3660 ppgbwiqkw 1233
1574 48.6728 57.4427 46.1081 4.3672 4.6731 5.2060 gvjowjdqfukwyh 18
668 13.3425 54.1376 58.6575 7.1230 2.2305 5.1258 usvyskqtneq 225
915 45.9419 62.7110 1.3114 4.3926 9.9054 6.9432 wncqcfggxqd 467
427 69.6239 69.6583 6.5055 9.5766 2.0281 3.8233 qhmlkwavs 1912
1121 54.0428 74.6445 52.3187 5.3458 1.9478 7.9646 tyquuvkhz 466
351 57.6758 57.5252 49.9725 9.4551 0.3532 4.6013 yiojvumevu 1533
691 60.0245 19.5665 18.0678 6.8315 2.7827 9.3431 npizlluytuzd 641
701 88.9266 11.6353 19.0494 4.4029 6.0571 2.4359 atsxhmmip 1952
945 30.2538 24.9151 35.6300 8.7244 0.2390 9.5925 akjtgdnv 393
556 35.4220 10.3532 59.1740 9.7323 0.0375 6.0116 ubjsqszpdxh 1204
281 16.2171 0.0963 17.7454 5.1764 8.1276 7.8571 jhpxtztlu 1047
1565 73.5138 50.9931 54.1007 8.1743 7.9600 3.6310 jgylygkk 1774
772 5.9358 45.6353 53.7179 4.8028 1.8974 8.2692 evaixmyfvmupy 251
116 75.0856 74.6789 27.5092 2.7253 4.0345 4.9084 xagawdbjuc 1744
1985 11.5015 42.2110 46.1685 6.3596 9.3767 4.4646 wpjzobgacg 1771
725 61.3639 64.0734 49.2949 3.0482 1.9469 7.6798 ssfvzdqgmi 418
820 35.4954 31.2317 49.0806 9.0546 6.6606 1.3391 lbcaqmzhyrx 1011
945 65.5902 8.0459 4.9048 1.7302 1.4811 1.8159 vzlfhcyehekpp 1718
1575 0.0550 52.4083 48.0952 9.9744 9.2491 1.5110 eltsvwryedjst 1750
1217 74.5076 10.6720 48.5201 5.4860 3.1774 0.5324 zipajpesmu 501
1467 11.3670 8.6537 22.3004 4.3535 8.6825 2.9750 uliwkzimtn 1667
1103 28.4404 45.3486 40.3645 9.3315 4.3495 6.6654 pycbeqkrfsw 1305
121 29.1560 54.7867 43.3645 3.7262 7.1355 8.2848 emyceqaxiwwa 196
759 75.9480 21.5482 14.7894 0.2570 4.4328 7.5302 bwdtwbmqxpyw 1418
1652 87.8624 38.5734 21.1667 8.6392 7.3361 0.5192 xgbmterjosc 1788
1891 9.3609 5.8739 3.0934 2.0955 2.0958 8.5528 oqitrbtf 1579
383 20.3823 35.0711 12.9231 2.8984 4.4759 3.6194 ekqzjjzrksob 1508
787 77.1132 72.1307 34.2363 6.3736 7.1261 4.1343 jwjeajim 171
1720 47.5902 15.7546 11.2912 1.3971 1.4670 0.4753 oiqvkddgpiusqu 1786
1633 62.5321 70.9312 22.6319 6.3977 2.9942 5.5272 iphwcaayjexf 229
114 57.5658 72.5000 55.5110 9.7415 0.3162 7.9942 xglxkcxbpjvpc 1491
172 92.0306 1.0550 54.1923 4.5696 7.5482 0.9368 rrccykhxzb 352
1027 99.9052 5.0229 23.9414 7.4631 1.8007 0.0470 airwffgznmojcv 235
1047 48.7034 26.2454 45.7729 7.5098 5.5488 4.0849 prrnwwaaxnluwq 109
1803 88.5413 62.0115 25.4176 3.7479 4.2292 3.5095 lzjreqnmuhfktg 1380
1058 85.4587 68.4197 8.6630 1.0867 4.3190 5.0647 helhbbaj 797
124 39.4679 58.3807 46.5824 1.5046 1.1645 5.1941 koslzfadxm 1501
1069 20.6422 38.7041 38.7564 9.2137 8.4502 3.0485 kzhqvhgozn 801
9 2.1162 20.2202 52.3114 8.7607 8.7772 5.2451 onktpilbysdhld 1584
31 12.0214 31.6330 14.2436 7.3938 7.9600 5.2048 ierxjfsotaln 131
1925 56.0612 74.5023 51.8462 1.7088 7.2518 1.1163 tugtgdwvxsilgj 1506
1639 15.3700 62.2592 52.6593 6.0684 2.5024 1.5382 wipumswphl 1211
610 89.5994 52.1560 13.2509 7.8019 8.7241 2.3730 oelvytajqupgsq 524
240 93.5168 15.1697 49.4652 0.5464 8.5299 2.4411 ilykeavfvtz 337
1186 23.4862 74.1124 50.5421 6.0327 7.5711 6.1380 kzoixbvlaxhqd 877
751 26.6422 40.7546 0.1044 5.5531 2.9676 5.7091 onguuyfbidi 149
367 46.4832 70.3784 18.0440 1.6239 9.1725 2.5171 jvsdjcnwcivhe 1924
1289 28.5994 24.7202 0.9139 3.9093 2.2732 4.0684 knlxmgqmauopim 1769
1785 57.6850 24.5596 24.2784 9.5031 1.3086 4.8785 qidfaashxstn 366
222 79.4190 31.6101 41.5842 2.2491 5.7402 3.9399 nutitqveqfvnvc 190
1614 30.9144 72.0344 38.1062 1.8767 9.8053 7.7573 wnlcrgjxqmspza 1095
485 87.8226 29.2729 29.2344 2.8578 3.2094 2.5818 bmvkhshwuutgzc 1116
1952 73.7706 37.9725 43.3956 5.9908 7.7668 1.7067 zhinxynllo 1367
1097 77.4832 13.1904 49.2015 1.2723 5.8236 5.1810 smiotsqpkgt 118
686 30.6086 13.2569 19.7729 4.8352 7.4338 5.7338 osfdxkeisldm 210
1174 82.5627 16.9289 37.8352 5.2192 0.5879 7.0400 eszuhxqf 1181
1282 29.8349 1.1927 5.7253 2.8938 6.0549 0.3687 nmtuwwxseeqju 805
1306 47.3792 2.9335 6.3590 3.1203 1.5220 0.1157 aartjgfxpsak 292
345 52.7003 11.3807 52.5806 6.6407 4.0366 4.2995 kkxkoodfwx 1767
301 62.7615 69.0527 57.8828 1.0879 8.1801 8.9634 wntyyurvbsumf 1149
407 90.3119 63.1147 22.0147 2.1627 5.7698 0.7482 cdtkrszhdhpcwi 180
995 49.0765 23.5321 51.2473 7.1413 2.7976 9.8611 mqysowaguxcs 1121
1199 93.8593 64.6124 13.0128 5.9814 2.4698 3.1261 cfnxawuiog 476
78 34.6697 8.8899 32.3132 1.7387 6.3007 9.9875 axubybofurb 830
47 91.9908 60.5734 43.3114 6.1154 3.2921 8.6966 dbewxzasghdah 1185
1530 75.8287 18.1995 42.1941 5.7967 7.2146 1.8471 sbwwznoblyxwse 1752
1873 0.1804 19.6812 54.6648 5.1511 7.0412 0.7317 dtftyoinedqufw 1781
1574 48.3456 22.0642 32.2821 2.2927 2.5482 3.4280 ycjssujsrrjgc 1592
1044 50.6758 59.9931 56.2766 1.4719 3.4316 9.8596 ikmwshelxt 1727
1562 15.3242 3.8647 53.3681 6.9234 1.9261 7.6340 ibzsvtnpynxs 1985
1862 78.0642 29.2752 44.9762 5.4228 1.1322 0.3556 lkvlpyxjjdfls 1868
511 50.4312 1.3463 48.9048 7.8553 2.1542 6.9734 onnpjaif 1089
1855 89.4862 20.7913 41.8297 0.0583 1.0803 3.4570 inxsfzqf 73
706 94.8196 37.2202 58.5220 6.1548 5.1435 2.2601 sgjuhyahja 327
2000 60.4679 50.2477 39.6941 7.6764 9.0754 3.1142 zmjfidrfmro 1575
454 50.3333 65.2913 33.6392 7.7857 3.9020 8.6584 amkokltq 1210
1246 23.6850 6.1514 2.8242 9.5980 2.5852 6.9365 fiitpxkola 127
1955 78.6055 57.0298 31.1978 6.7222 5.4893 9.9075 hvfuddgsms 449
568 95.5076 52.4128 15.2216 4.2189 4.4228 1.8800 njmtdrvevq 1417
162 95.5352 3.0940 50.3681 7.8132 2.5553 3.3434 apytpgqdqtwo 287
625 89.4618 74.5482 36.4029 3.0302 1.5015 7.4316 hmjzcqenda 114
837 45.4648 4.2959 39.4432 8.7946 2.7247 5.4811 aguwovdzhttxoc 423
456 59.1437 14.9335 49.8077 2.7369 1.8712 4.3281 qrlvoivxf 1298
1027 2.8654 20.1766 12.1777 4.6590 3.7259 1.8690 jbvhctow 1254
1466 45.3456 75.1032 36.5147 9.8385 8.4441 0.9915 fmozdzjhdkh 1975
1593 12.4128 58.2546 3.0385 5.5610 8.2509 6.8739 golxzswxfptio 503
835 57.2294 27.3876 13.9359 8.3095 4.9536 8.5687 nwnzdkdosx 1916
1605 45.0673 10.7133 6.2161 2.8742 2.1172 0.0583 uyivlegreojtyk 288
451 37.5902 58.4472 22.5073 7.7335 9.6880 5.5000 jzcqrraejc 1057
1291 29.8807 36.9839 11.6209 8.2463 8.8254 7.5293 ygblodecx 239
1031 21.9755 23.3991 20.8681 4.4222 6.7308 9.8217 kmasdcxg 1863
573 34.2416 32.2385 19.4615 8.5684 9.0907 9.7894 kfljjpmoq 1968
309 57.3945 23.0550 19.1044 8.2366 4.2463 8.2036 okadzyedijitwp 1974
573 18.7798 55.2752 31.5128 7.2213 1.9539 4.0433 qqsojfjcuqg 1862
296 65.6544 65.1881 37.5696 8.9402 5.6633 1.5647 kvwyooyps 781
1776 5.6606 35.2867 8.7473 9.7149 0.4707 9.2839 fbbicpkvkeb 233
65 78.6361 9.3234 3.5714 4.5122 4.0858 3.8315 sticpsskrwzemn 863
379 72.7768 60.5872 19.6557 1.4350 6.3761 8.4704 wfmckwjdetd 1280
703 97.8012 30.5252 26.9707 5.9338 3.8431 9.5958 fgslkmbfx 1326
1697 43.7859 20.0390 28.1154 7.7415 0.5723 4.8498 jwhfsaojwrgjtr 716
1129 8.6697 12.9702 45.6978 4.9426 7.1636 4.2100 zcjzerhzp 1610
356 95.3211 39.0803 52.6538 3.3245 6.0687 0.0113 irwcekhcmazsau 808
942 68.1498 71.3761 42.0549 9.3477 9.7747 2.4182 ieozulzqgcz 7
146 48.9266 25.7844 36.5110 0.0611 3.3181 1.2143 jmtxqlsezezy 1675
1097 37.8257 53.5573 16.0568 0.8501 7.9973 5.3098 ykqeghufjvfjh 19
1283 96.0367 15.7317 48.9652 1.3941 1.2479 5.8110 zsysfsmsrq 1061
529 42.9969 19.3096 22.3352 9.3984 2.8880 6.4545 slgyrylbnjvud 1189
152 92.8868 72.9679 59.1264 8.2634 6.4502 2.6661 rahtsvrdht 1084
1482 19.1254 20.0803 8.4835 1.8309 5.4371 2.6819 frtvknwwauad 824
606 16.0489 62.2018 12.5861 7.6761 4.7692 5.4866 puovvnbdvaf 1383
175 74.2997 8.8440 33.5275 7.6850 2.0012 9.4377 llbiqsuqomptw 1198
996 57.6208 64.8693 25.3388 1.6096 9.7357 2.1816 qxwrtvym 1092
1237 67.1009 5.1743 12.0055 7.1090 2.3333 1.2106 hsylhrrecojct 943
1854 5.9817 37.7202 16.1667 2.2183 7.3666 9.1520 guadsgfcnq 1050
1427 71.3119 42.8555 40.8095 1.9151 4.8636 0.4918 hancdtunlpiy 962
1575 6.9144 69.3119 16.5604 0.5919 3.1126 0.7360 muymofqa 141
234 5.2385 73.4977 38.1593 6.3700 6.7860 0.1139 wjnfsnqd 1381
381 26.1927 28.2248 11.6941 1.8391 0.1905 3.5562 gdydpnjeujo 1113
1567 34.9205 19.6560 16.5183 6.2054 1.0211 0.3080 fyhwdcthhz 1242
1623 85.3731 10.4404 6.8919 0.1551 5.7262 3.9701 ffiomgrof 778
960 51.3089 25.5115 19.1575 8.5131 9.6566 9.1410 zavqootyfv 1756
1053 93.8440 6.4977 7.0238 5.2805 8.0717 6.0788 gxdkaonb 374
1238 62.7462 50.2706 12.7747 7.8736 5.1709 9.8391 oaesmesckkuxss 1263
1631 91.9327 17.6697 9.9194 7.3419 1.7570 8.4069 oltmjfeiiqln 1981
1858 69.4709 56.2867 22.6465 1.7320 8.0495 6.8877 pducayjljc 1787
1629 46.3823 54.3647 36.2051 1.9860 1.9164 1.2192 wxtlrsfgrl 1306
274 84.3884 30.1697 39.6703 6.6886 3.1743 0.9731 mxxcvqqvmufs 1032
1267 27.4862 10.8739 14.6593 3.0015 4.0339 4.4106 alxlpthsgfw 1844
1300 79.0917 14.6307 38.5128 3.4026 9.4338 7.2018 utnvjodbagy 533
1553 45.7859 45.4289 41.7912 6.6899 3.7436 9.3205 mihtawdrcybhww 1591
1268 37.5963 22.6009 39.6685 7.4899 7.9557 7.6438 dadjpyykkd 1583
1215 60.2049 69.5940 23.8132 2.2897 1.3089 8.0772 qorqsnddzypkb 313
1531 50.5260 41.0321 3.5165 3.1719 6.0876 4.5653 uktwlfaibncg 1647
650 91.8991 54.2798 57.3443 6.9710 2.7158 2.1554 wknicqrhxj 508
454 43.8838 41.9885 38.9011 2.1200 7.4298 0.7344 xfltmexlor 635
72 5.7248 15.0206 57.4597 3.6032 0.1874 9.2189 jbwiudbdkunw 1161
843 74.5658 64.3096 39.3919 7.7250 4.5772 4.4356 mgzcygnqfuk 166
304 69.8807 14.8716 28.0806 6.0055 5.6700 5.1361 gtynxoxc 1614
1809 91.8716 42.9931 45.8498 1.6245 1.6865 5.3291 fjqfjzzo 1810
1440 72.5994 53.0849 15.2546 0.6682 7.6056 7.6706 xeczutefqk 1012
181 38.0703 33.5298 9.7747 0.6340 9.9319 9.4594 xzdxhdekspp 1420
303 2.9633 44.2867 17.9853 7.6697 0.5415 0.7469 azqdyidmy 1825
1193 89.5933 56.5000 18.1447 4.6261 1.5928 3.6294 ftwmqawwfa 1838
337 64.1651 5.6193 40.4432 7.4698 4.8138 5.0739 mychhhnqjkw 536
156 92.8410 18.5528 52.0513 5.7659 9.2131 7.4982 ugxfdewqatz 1490
1887 31.4037 29.7706 21.3223 6.1954 6.1551 2.9753 radqgijmoaw 2033
1001 94.6973 0.4748 8.1099 2.8373 6.0031 2.0763 ykxxykykdok 1010
922 89.9664 30.0894 18.4560 0.6758 8.8202 4.3379 qoqafrjejhr 674
334 48.2477 26.5275 49.1905 7.6276 4.1767 2.4219 osaqdvyml 1442
1973 89.4312 45.5826 6.8187 7.5693 6.7732 7.3571 fwnmuqghtdlxf 1521
101 80.5933 8.8303 27.5641 9.6462 9.7775 6.0433 hpqivxgc 1107
1886 77.9939 54.1881 53.6777 9.3083 2.1822 3.9643 wlqiblszfa 942
1345 76.9358 20.5344 57.7289 7.1554 7.6969 3.5827 ktjqzxxdjynfe 1356
1399 3.5963 47.1697 12.6007 4.8480 4.8950 6.3694 jfnpdrycgbqp 265
1106 49.6239 54.6881 42.6465 2.6832 9.7872 0.5690 jjgbwhnd 1131
1517 38.7217 74.2821 17.0513 6.2564 7.1493 9.4243 ekyomrags 1876
1199 62.4220 62.8326 17.0989 6.3330 3.6386 4.9154 izhfacmgalwl 1509
1905 84.4924 33.4771 19.9469 4.6001 0.6993 4.8440 akcafdddt 1650
226 51.6850 11.7982 59.2143 6.3648 1.0952 0.5775 nzkfcukmf 1234
1786 75.6514 47.1147 8.0696 1.4246 5.0217 8.7671 qfreuwwie 322
703 78.1682 16.7339 36.2344 0.0986 4.8971 9.6142 skolorvefvuord 897
371 29.2752 26.7936 24.0733 6.6343 1.5910 5.0784 emhivltdqfk 197
1739 17.5168 57.8326 49.4341 5.2747 0.5049 8.9869 uevogtdhvdur 2019
2026 89.1682 20.6193 3.8864 1.1151 6.7390 4.6685 ljkdvprkgqaydu 926
1163 28.3578 7.2110 2.8040 8.9829 9.2457 1.3013 gcbvrbfukb 776
75 14.8226 8.7087 30.0330 4.2247 0.2759 6.3474 apzenauhb 380
1874 67.3823 8.0321 40.2473 4.3968 9.6459 6.1740 roncxlystefyu 1436
468 72.4771 59.9702 58.9872 3.3779 5.5650 0.0791 cvyfbeeyvmxrct 813
1070 38.1162 22.0550 51.0421 0.8806 7.7158 7.6603 sqipeqtdu 1398
400 95.4006 63.4702 31.8370 7.0147 4.8202 8.4966 vmseyynmfbnjvz 965
509 1.8502 38.1950 54.2509 7.0824 4.8037 9.2399 hdiebixil 872
346 44.4434 13.4725 48.3004 4.0061 7.8639 9.6819 puoewjiv 1559
1583 24.2232 4.0642 33.3535 5.4673 5.1859 7.4084 hysgrnrg 1921
1124 81.2049 40.6239 2.9524 3.7705 9.1062 4.3010 rtipjyknxlhicb 701
1851 38.3211 32.7202 43.6722 6.7118 5.6960 4.4676 qplckryaw 1702
1963 17.0887 27.2362 17.1374 2.8657 2.8590 4.3202 ctwbuyftrkykbw 1898
897 34.0520 18.5161 11.8260 9.5968 7.8574 6.6282 dawktnzadyzpb 1653
1150 19.9297 40.3945 16.3315 7.2048 7.1462 0.2912 jkrbmbjxi 1474
1096 97.0765 16.6560 48.1007 2.9908 0.3254 1.4707 lojtfkfsb 1855
2023 44.7248 49.5046 10.8150 5.2408 7.3565 0.6383 guwcqihgw 973
1609 84.4159 42.6560 34.8407 7.2100 7.3144 5.3242 znwuizrve 1689
1215 50.6269 56.6583 41.9615 8.0186 9.6813 0.7115 ewitsbytl 158
121 1.1498 34.8188 56.4963 8.8126 8.1679 2.4170 zmhijiyyfjf 1014
45 50.8960 60.2454 27.2344 7.8846 6.3199 3.0473 ikydfnsd 2010
975 85.9694 13.6950 14.6026 2.1429 5.8578 0.1832 ryzztylenjca 5
639 52.6911 5.8005 20.2473 0.3828 6.4915 4.3156 yhnodgylrlji 1848
73 98.3547 58.0642 44.1813 8.6084 8.8162 4.7979 ljmfqdysnylu 445
386 81.4618 18.4954 45.5293 4.4692 5.2888 0.2576 xbiogrkocxdsjy 453
428 87.9878 57.7913 11.2930 7.2784 2.7909 4.4631 evlwuwdw 691
1770 63.8043 54.6124 59.2656 6.0354 2.8816 8.6835 snhlmxdfmk 978
1611 60.1988 8.2913 25.4432 4.1664 8.3324 1.1664 zryxlegoui 1199
1511 78.6973 60.5436 53.9011 0.1175 5.5324 3.5571 jssrthpwndqr 2003
155 26.2202 33.3784 59.2582 8.4780 6.3556 0.9365 tzpbkuki 738
1941 85.8532 70.5046 33.8864 9.1578 3.7543 1.7390 eaxxhfrzpsq 1690
1633 75.7951 31.3968 52.3242 8.8098 0.4386 4.2949 qulbmlfxqndlof 160
1996 25.1560 16.5826 29.7436 9.7045 7.9023 8.9994 ezskhmvajkhi 10
793 10.3456 39.9243 20.9817 6.7543 0.9878 8.8626 shdgliqhdydmw 1574
933 52.3486 61.2500 55.2179 9.2659 3.7183 5.1810 foiqjtrssmjma 755
856 91.1560 57.5596 0.1886 5.8901 4.7769 1.1615 vsdyicismoqei 1175
554 53.2508 56.6170 35.2198 9.6001 6.3107 0.7128 qcwhsfifrxxq 844
537 33.0581 48.4610 44.6081 7.0891 4.6151 0.8663 iklutimgwvzutl 1941
1706 79.4067 51.7821 8.0586 4.2631 6.6764 9.4628 nznzenpgrmk 412
833 9.2416 55.6881 30.9377 2.5513 9.3852 4.2451 ewckhbclle 1970
1152 66.5229 30.0757 21.3370 7.5888 6.7827 7.5250 jqgpdgmm 169
1547 37.1590 4.3234 10.2198 7.3516 5.6331 0.7366 xxgakajxt 1737
1675 70.3027 62.7179 44.9560 0.8596 3.3156 5.0699 jbslbuyywme 1162
697 8.4343 21.4472 14.0311 4.6703 9.6197 3.5195 nztsyzpldddh 525
500 71.9664 61.5183 43.7839 0.5913 2.9991 0.0357 velzfjpagizbh 1085
1658 24.2936 61.5573 41.0549 5.7543 4.3010 8.0052 iawjhtquay 1294
1458 98.3609 66.1216 54.5128 4.5409 9.9560 9.7518 wtiudlowke 1565
876 86.9419 53.5069 56.5073 3.9264 0.6828 7.6294 ymuwjajshbnu 655
1752 67.8654 42.0298 3.4689 4.9261 4.2964 0.4182 ptcmpwtci 1637
1659 39.4465 44.7959 44.7363 0.2802 8.2070 0.2915 kjpspvfb 1884
1720 36.9664 57.0986 52.5256 6.2717 7.1639 6.3764 qvkobfzcwvxif 840
1537 95.1346 8.3601 2.0824 2.9496 5.9585 7.6441 djmsaiqgkdv 1372
982 85.2813 52.5963 35.1502 8.7558 7.0308 2.0372 mbrxooorrlhfu 82
50 15.4648 52.6835 0.5916 8.5263 6.5006 9.3614 wixqdaerhgfp 930
731 61.8318 41.5688 53.7436 8.1355 1.6157 1.1459 fqszpfxrxqh 667
965 64.7676 65.3739 50.4799 9.4618 8.3120 1.8639 ayyfsehzvxric 340
503 29.2966 35.4679 56.8938 1.4502 5.2674 1.1441 qjaihowx 1618
1449 13.1529 21.0344 38.4469 1.3712 2.5937 1.7668 isiblussfnnf 1514
116 93.5015 3.6239 52.5201 5.0781 9.6035 6.8156 lffqhkioyo 903
67 92.9694 39.0092 57.0275 5.3556 6.5974 5.0913 ameezbaxh 399
1757 18.3976 73.3807 23.9066 9.5299 1.7241 7.8065 iiuiwcnlun 1186
319 39.5841 9.4954 44.4469 8.9725 9.9979 0.1062 gkcbgyisvyzh 823
689 5.6820 28.6468 50.4689 4.9588 5.6303 0.6093 qudtfxwkrkvkq 548
1811 90.9664 47.4954 23.7674 1.6728 4.5107 0.8031 dudvvhuc 583
1104 66.4067 43.5940 59.6392 3.8504 4.9038 8.2521 zyidgaoys 1978
998 80.3303 6.9014 59.8517 2.4316 0.9838 5.7479 stcjkalyxybb 1105
2006 70.1865 44.3234 39.2289 4.0803 4.5714 1.5644 fczdmtyqzjb 41
1563 58.3272 74.2982 2.2289 5.3764 3.9951 9.6947 hwegqscjuktqkt 845
636 5.7523 6.6307 27.1685 7.7912 3.3501 5.8431 jumvyurujfzap 1000
885 29.3303 42.0826 8.0568 9.6737 2.7937 9.0082 zwoblgptubaod 1864
1859 57.1070 32.1216 56.4817 0.4054 0.7750 6.9185 endpfkdzer 814
137 90.4342 54.6445 58.7088 8.8837 0.3855 2.9728 agwnqjezyqm 1623
12 99.8624 21.4862 54.3791 1.0397 2.9826 2.8385 qslulzpwnznegu 493
974 51.8960 71.7202 15.7894 8.8733 1.0153 7.7173 mhljzgmqcaobhz 1840
